85 73
46 20
59 79
7 56
47 66
81 50
91 7
51 90
33 39
5 8
86 98
89 70
70 94
32 66
65 29
75 28
15 68
26 89
63 6
76 41
52 62
87 78
78 66
45 90
19 64
95 63
0 96
13 70
93 60
63 29
65 70
44 10
43 85
23 92
37 62
49 94
10 22
42 59
1 77
25 33
39 89
78 63
44 30
54 94
27 70
74 91
4 40
77 60
60 68
48 6
12 22
64 91
91 24
28 62
98 66
35 87
49 22
30 8
23 13
66 87
26 67
71 80
77 10
33 49
6 93
30 57
51 41
62 66
22 97
86 9
35 32
15 11
25 62
9 42
39 48
66 76
87 66
66 42
47 54
38 48
32 86
70 9
46 17
91 59
93 83
12 76
5 82
52 78
16 79
97 4
68 29
90 39
85 44
39 66
30 56
5 94
93 62
63 19
98 11
59 56
36 92
47 69
23 55
63 10
59 72
65 54
69 97
56 22
95 10
84 61
56 67
52 75
9 65
24 98
77 30
59 2
54 42
48 67
36 21
71 31
17 90
34 50
19 12
90 25
10 82
55 13
X
57 7
34 19
94 11
91 86
98 24
36 7
61 75
62 27
81 7
59 83
42 16
35 59
1 70
65 12
34 69
41 78
84 85
89 93
4 97
94 78
40 5
31 40
45 86
58 78
27 85
96 84
17 15
4 85
66 56
15 4
97 41
1 59
85 30
95 88
5 39
90 20
66 33
63 15
74 3
73 97
76 51
86 12
25 38
69 48
22 63
7 46
79 1
67 25
89 55
52 33
84 88
28 68
89 25
47 57
28 10
68 37
93 40
32 36
44 62
38 59
53 62
27 10
4 88
34 55
32 14
12 69
81 1
96 75
38 11
76 92
75 7
39 87
11 20
47 49
34 39
34 13
19 59
91 71
23 76
89 63
X
95 80
11 67
79 41
17 3
32 21
79 82
74 93
13 58
45 45 
32 98
25 52
34 27
24 37
70 28
81 14
80 58
11 66
7 72
57 10
75 56
23 45
34 72
66 96
84 12
13 95
45 8
28 76
89 40
17 25
1 94
43 69
74 18
90 54
78 96
79 59
14 93
50 50 
79 9
50 75
70 64
82 80
23 36
68 16
53 24
5 22
6 61
62 10
35 86
72 27
96 44
64 63
59 37
77 41
56 38
24 28
48 2
49 88
94 7
22 62
80 29
49 47
49 42
82 65
12 63
2 96
12 17
86 30
61 57
59 53
66 47
47 27
24 86
36 37
46 14
94 57
48 19
79 90
73 1
73 89
0 47
36 29
80 20
7 68
73 36
72 53
80 9
26 62
2 28
49 82
48 36
77 94
17 59
57 37
63 26
78 94
93 15
76 64
72 35
45 10
98 17
74 5
45 77
65 94
25 46
38 56
59 57
8 80
15 74
24 4
92 68
22 91
93 70
82 47
55 80
39 67
74 20
79 30
9 96
34 48
51 49
98 47
10 23
91 56
35 77
81 92
10 94
17 27
37 76
94 86
37 90
39 63
91 41
74 98
27 6
70 29
55 89
21 93
47 19
59 36
46 78
14 96
18 16
50 59
79 72
70 26
24 40
29 47
95 54
15 76
94 79
60 25
97 69
45 30
95 57
4 72
82 91
28 26
5 48
57 95
10 76
15 95
72 71
77 46
98 81
7 66
19 22
10 56
54 74
26 85
58 92
0 46
55 73
22 64
4 34
74 0
47 44
41 84
72 3
26 83
50 66
45 7
62 49
40 57
60 63
56 45
43 63
34 58
44 22
11 10
85 6
71 47
56 84
23 77
82 54
22 60
24 16
83 73
2 77
50 19
97 96
20 97
26 54
3 72
18 13
48 55
44 32
55 90
38 71
39 86
91 66
69 37
31 16
79 63
70 5
54 14
49 38
11 11 
16 15
59 85
84 89
47 50
92 36
10 85
39 79
26 61
95 23
17 48
96 56
2 29
11 53
98 10
97 91
6 52
94 4
23 73
30 94
4 82
79 66
75 16
28 43
11 75
34 74
57 98
42 60
75 38
26 48
75 13
35 26
3 87
68 87
68 49
49 49 
61 2
8 29
52 20
78 10
65 10
25 66
83 85
35 65
1 12
91 54
58 98
25 4
73 88
78 60
93 41
77 34
35 64
38 16
71 57
51 73
54 85
31 35
35 68
28 85
17 68
14 24
84 87
15 58
12 79
62 12
68 79
83 24
41 79
31 56
8 54
68 88
62 31
2 52
27 68
62 15
10 77
41 93
12 62
68 70
2 9
46 1
17 98
11 21
39 26
61 9
6 67
53 78
21 34
45 94
50 96
16 19
7 77
76 50
37 43
38 90
24 3
87 55
71 25
58 72
90 34
22 78
78 28
44 77
69 96
19 82
80 12
94 93
76 55
36 77
69 50
43 20
93 13
14 37
61 76
11 92
10 41
62 11
13 94
8 72
13 97
51 71
18 9
56 95
84 2
40 48
97 24
71 50
95 74
96 82
95 49
48 8
6 8
10 34
65 88
52 80
59 22
27 46
23 40
92 82
15 90
43 86
X
39 55
84 74
85 17
7 82
52 81
63 82
45 49
18 55
7 38
92 37
64 77
77 52
4 67
96 51
81 24
22 2
81 58
84 57
41 35
56 59
81 53
57 87
51 56
15 2
2 76
59 73
30 50
48 79
37 37 
66 92
85 82
56 0
13 91
49 44
68 22
49 7
63 46
3 96
41 37
84 32
75 34
22 5
78 2
67 98
31 69
70 82
98 13
12 47
34 71
10 33
18 26
43 25
18 68
45 92
5 56
11 89
14 28
52 58
58 81
73 87
34 86
4 32
65 43
21 64
33 91
14 47
50 73
1 67
10 70
X
28 27
74 1
25 42
7 18
88 23
46 10
51 54
70 73
98 70
43 38
34 22
31 23
25 67
10 62
27 59
44 17
20 20 
36 60
33 27
65 7
63 48
63 64
18 40
53 40
54 87
7 29
96 59
95 91
68 78
64 24
96 92
7 78
45 16
6 96
5 52
40 19
41 58
32 60
29 91
41 94
13 76
97 42
72 29
78 8
92 5
54 60
28 8
46 54
71 74
23 70
13 92
33 14
42 84
47 9
83 59
49 5
74 96
93 30
21 41
14 53
42 2
4 10
39 10
15 5
12 20
18 91
8 10
20 56
83 78
55 6
2 61
74 56
44 28
29 18
11 68
7 71
93 29
53 89
90 62
3 85
17 4
62 92
61 74
39 74
8 87
28 29
83 3
1 81
85 29
28 22
85 9
71 56
72 63
77 85
13 19
88 16
47 76
43 72
6 64
71 2
X
4 29
87 64
48 58
50 29
31 31 
19 41
77 64
20 46
43 88
56 46
77 61
19 33
63 12
17 33
82 24
16 28
14 79
32 16
86 19
73 85
48 30
31 47
0 12
86 77
69 91
88 71
21 44
54 17
50 65
43 84
38 34
78 37
16 40
2 82
38 27
56 3
96 54
19 7
16 33
92 23
79 50
18 41
83 64
40 49
53 87
17 18
35 17
23 38
32 46
66 70
97 10
20 28
33 75
96 19
7 65
42 93
66 26
91 53
62 89
87 45
58 55
93 90
11 25
18 42
76 85
37 81
94 89
23 27
26 7
94 28
35 36
18 10
41 74
63 58
84 69
34 7
24 18
30 14
18 92
48 48 
5 37
44 66
8 51
46 88
22 77
40 40 
19 79
4 81
58 47
73 3
90 93
9 2
61 16
66 36
38 70
24 72
38 67
73 37
67 10
86 29
3 31
9 3
55 14
14 95
13 82
49 70
36 27
82 67
64 7
7 22
1 76
22 7
90 69
11 9
57 45
85 60
21 85
94 32
70 7
59 87
81 60
65 30
37 60
5 28
80 26
84 77
60 69
83 39
17 79
22 17
13 93
54 13
77 77 
96 28
36 31
1 52
89 42
47 77
11 46
20 21
71 46
39 59
3 49
27 12
50 2
47 39
49 58
97 48
30 78
93 24
26 81
37 30
93 71
29 82
69 93
37 47
44 78
61 24
49 67
27 40
13 29
22 75
96 77
30 84
13 38
3 28
71 35
87 53
13 88
27 43
34 89
23 31
39 37
52 7
17 61
54 10
70 72
22 73
94 9
88 17
61 11
68 76
58 45
59 41
83 90
17 74
85 78
43 73
8 22
32 59
16 8
95 38
50 87
58 34
66 82
18 74
51 10
82 53
21 4
58 3
34 81
2 64
3 24
79 54
19 55
65 46
15 17
66 86
81 88
38 50
93 64
55 29
71 64
24 69
52 57
9 45
87 79
32 50
96 43
66 50
46 41
14 26
86 31
38 20
6 37
8 14
39 9
58 96
5 96
29 79
23 18
87 18
20 9
43 83
46 58
57 74
30 10
47 91
65 56
27 73
93 14
50 86
94 53
42 23
46 45
63 56
73 83
3 73
7 8
5 32
8 97
69 28
70 45
X
33 62
93 88
26 52
55 93
84 9
57 40
11 40
19 89
15 72
47 35
50 27
27 27 
85 41
4 28
11 73
67 62
2 24
42 83
33 48
97 63
30 75
51 78
56 51
75 1
94 56
30 55
65 91
47 21
10 60
5 66
97 2
65 38
96 71
56 54
35 38
49 76
79 13
74 72
37 26
9 48
98 89
37 29
66 91
71 42
26 90
59 64
52 47
23 52
54 49
54 91
53 79
66 24
77 80
63 65
36 74
84 3
97 94
34 52
21 42
85 40
68 40
52 65
4 38
74 51
23 4
44 71
81 94
19 70
46 11
51 24
48 95
27 13
46 8
29 67
6 4
30 41
82 3
82 78
93 59
72 94
29 49
83 68
16 57
87 41
49 92
42 45
71 38
10 59
6 87
7 53
72 38
90 43
49 69
40 44
19 68
26 60
67 43
33 31
78 72
54 41
55 72
17 52
16 60
78 61
30 9
53 52
51 59
59 84
38 60
29 21
27 57
1 85
60 55
88 68
42 11
33 52
58 71
96 47
47 93
20 98
37 7
5 6
44 14
49 59
14 60
34 21
3 16
94 15
2 26
13 8
40 51
59 68
10 58
29 90
18 20
55 28
59 17
97 53
47 73
52 49
73 79
89 57
33 92
90 75
89 14
87 19
55 33
81 79
85 39
64 90
71 95
85 43
38 13
38 93
62 30
83 13
1 69
49 71
5 15
61 64
94 23
93 6
88 66
32 67
74 30
78 90
71 1
36 85
66 55
93 20
9 90
75 43
76 36
24 73
3 52
88 90
3 10
68 82
43 60
33 80
72 40
9 98
33 32
79 56
85 37
66 72
98 53
68 95
90 52
8 52
18 82
50 82
9 23
27 80
33 47
80 91
8 11
49 77
74 35
58 61
94 22
15 62
28 15
90 77
24 82
50 53
49 72
5 84
4 45
49 96
50 8
20 34
60 81
25 47
6 51
74 41
26 43
X
82 2
48 54
30 79
86 88
36 69
77 43
67 31
55 50
71 94
32 93
16 7
75 61
96 14
58 38
25 29
15 39
11 49
24 83
6 56
89 58
67 88
17 71
54 50
63 8
14 16
35 66
98 25
44 34
21 38
20 54
16 76
48 24
46 63
12 64
43 34
43 57
76 57
97 7
33 15
47 87
75 73
49 63
8 94
58 46
25 85
66 5
64 17
23 34
95 83
43 18
65 5
85 54
37 93
76 67
90 61
96 62
12 14
38 35
27 49
56 24
7 32
28 86
7 3
55 98
82 97
86 8
41 9
3 94
34 92
40 53
66 57
36 91
21 30
67 4
7 97
12 88
54 45
81 47
69 21
39 16
89 68
32 40
73 98
17 81
56 10
29 84
30 82
92 86
50 17
69 92
95 76
47 63
75 75 
40 17
39 38
68 55
64 61
52 39
72 39
36 81
73 30
63 3
67 95
95 56
66 98
82 75
62 39
94 45
10 64
94 34
9 84
21 57
41 46
26 9
32 34
62 6
14 94
92 88
6 1
80 78
37 95
63 71
52 63
32 13
81 34
25 75
2 30
40 33
15 49
83 77
4 25
49 97
31 79
49 51
94 54
18 79
96 63
32 48
50 49
44 81
87 36
86 21
42 13
6 80
42 74
47 96
36 47
58 67
37 78
47 62
9 8
81 71
55 51
71 78
80 76
12 97
37 52
50 90
83 50
10 42
54 71
6 86
19 91
40 86
61 91
25 43
83 66
78 30
81 49
39 30
70 24
56 41
1 61
60 90
16 54
49 15
87 15
60 73
89 15
75 92
26 30
20 18
51 52
77 3
57 47
7 67
2 97
18 78
41 15
41 17
17 24
24 61
3 29
49 21
37 94
58 93
73 7
30 22
46 37
49 29
1 86
64 65
79 70
72 24
61 78
98 61
55 94
41 50
7 58
36 84
36 14
87 81
9 33
13 75
73 13
10 74
38 14
37 1
83 23
83 10
42 92
19 58
78 36
64 28
55 75
33 93
57 3
40 84
94 39
21 87
90 74
20 22
47 20
95 59
89 84
90 30
76 98
2 70
67 40
98 91
49 23
47 58
80 48
79 69
35 37
57 43
4 53
50 12
0 59
16 47
88 13
47 8
13 50
78 54
78 59
56 53
40 24
33 35
16 91
21 3
73 45
43 93
67 50
62 67
83 18
68 60
44 1
67 94
41 49
49 54
6 72
68 28
5 53
66 23
85 59
41 76
24 76
67 78
11 90
27 84
29 89
2 25
46 35
35 21
83 98
72 45
3 83
47 32
61 62
19 40
41 23
82 83
51 42
71 28
94 68
85 64
7 96
14 21
88 98
32 39
39 75
37 12
1 58
5 29
80 46
70 12
31 28
91 26
30 23
36 63
37 82
20 79
48 46
31 74
90 58
93 22
50 64
41 22
48 3
47 42
18 53
61 93
92 73
98 86
76 25
14 29
89 34
17 41
67 59
95 41
27 53
39 15
5 16
7 14
72 12
53 69
89 97
55 43
58 73
72 75
11 58
82 26
36 93
66 41
3 51
35 40
75 48
78 52
22 41
74 73
72 46
63 61
20 17
12 73
68 84
46 7
68 44
97 3
96 53
46 49
37 41
92 38
63 44
51 60
84 73
53 83
89 83
30 97
79 38
54 25
54 59
66 62
88 70
72 86
63 52
69 70
36 32
3 97
8 88
57 96
69 1
95 81
9 68
58 53
77 16
45 85
50 74
95 30
59 70
57 5
44 94
71 93
86 14
12 18
4 47
61 70
94 60
22 34
53 60
70 38
83 46
32 0
20 33
66 65
40 85
30 47
72 95
65 34
67 3
78 87
84 81
63 54
93 21
96 81
51 68
98 96
65 55
8 19
79 78
87 70
70 59
43 71
40 67
13 81
64 93
38 30
70 66
46 79
79 33
82 32
89 74
65 76
9 64
81 36
98 92
78 80
5 4
16 89
97 46
22 53
67 21
48 57
25 5
50 80
59 94
43 65
85 5
40 15
61 52
22 40
22 66
49 41
64 45
38 51
23 81
9 69
42 79
97 82
26 42
14 38
20 65
47 92
9 16
31 67
86 94
65 89
57 84
15 92
44 35
81 9
60 1
5 83
9 38
40 55
78 23
46 44
11 47
25 34
38 64
75 93
62 94
28 73
59 6
54 40
40 46
24 52
31 1
26 22
88 45
24 87
80 94
98 93
81 78
75 87
98 29
21 25
9 39
16 58
10 44
30 33
6 89
92 67
25 23
16 71
38 17
55 63
69 3
44 70
83 81
20 1
65 72
92 31
98 57
21 22
30 44
89 71
78 53
53 72
39 19
33 86
34 11
73 77
3 89
77 92
57 20
66 28
59 86
51 9
6 6 
20 7
10 36
29 23
7 41
76 79
13 98
50 51
91 62
54 44
26 23
30 87
42 96
38 53
5 1
96 10
24 54
3 55
72 21
22 8
0 57
13 15
94 36
60 66
3 15
11 64
93 31
74 17
57 42
60 62
64 27
98 95
39 91
11 2
4 84
8 6
5 35
16 69
46 43
72 70
0 70
23 17
92 45
51 92
70 10
62 70
11 71
88 44
2 94
70 67
80 23
56 61
40 18
30 29
5 86
62 64
47 65
65 37
1 0
72 55
30 45
37 80
67 84
65 4
40 16
56 85
16 34
67 47
19 35
32 77
36 55
91 94
69 8
34 62
71 49
6 65
3 6
13 13 
9 18
35 24
39 83
42 14
35 7
23 71
53 48
85 98
61 37
60 41
56 39
52 10
78 95
80 21
60 75
51 96
80 71
70 57
11 26
41 12
16 9
X
62 80
13 49
65 39
31 87
6 30
70 74
11 23
23 1
6 34
45 71
16 11
44 65
97 84
78 34
15 55
84 19
21 95
65 86
19 96
66 22
44 18
87 32
47 29
93 80
39 23
82 70
47 33
57 13
94 76
41 60
89 82
96 68
0 58
77 63
79 55
19 88
50 78
94 14
3 95
1 90
41 21
74 61
51 19
51 38
23 42
81 69
41 88
81 33
79 22
67 91
5 78
77 48
93 54
44 20
30 93
46 75
95 37
78 78 
9 14
46 52
41 40
90 56
73 61
39 95
29 83
8 15
3 81
10 28
58 42
87 6
0 52
18 6
97 70
14 64
5 69
2 98
4 48
55 47
63 9
49 17
55 31
42 37
9 6
45 46
79 2
33 63
35 9
29 32
78 12
14 4
82 5
91 37
39 52
12 4
79 3
59 74
71 44
19 67
12 65
9 22
96 78
82 49
77 1
37 79
2 81
74 78
41 55
5 2
X
74 82
54 0
21 9
50 81
25 22
9 40
15 26
55 56
84 7
13 24
85 7
69 78
18 34
82 57
53 84
29 33
0 22
62 35
21 66
92 74
48 22
0 55
51 63
62 77
59 24
23 5
75 31
56 78
95 71
57 80
43 36
97 86
4 58
83 48
51 23
4 9
36 76
24 56
26 25
71 61
7 83
69 29
35 80
23 41
87 84
61 10
11 57
45 34
86 15
30 83
31 50
73 60
43 8
70 42
54 61
66 75
33 43
22 19
26 70
81 91
72 96
89 12
1 29
45 91
22 18
43 7
84 59
16 50
98 62
31 36
43 89
98 12
91 38
18 73
90 41
65 11
6 69
12 54
31 33
98 41
25 97
37 91
28 14
10 25
76 4
38 6
86 13
35 23
49 35
27 81
35 76
1 92
14 25
77 36
28 13
14 17
93 76
23 44
30 51
98 15
88 82
23 39
51 69
57 69
3 70
83 32
80 11
26 53
53 39
37 57
45 18
89 41
72 8
84 20
12 23
32 55
33 79
56 71
61 23
50 4
11 35
58 74
60 60 
85 8
10 12
54 4
X
75 77
67 38
8 5
36 61
49 86
82 7
25 26
10 49
32 26
96 70
29 65
3 77
97 23
6 76
11 39
56 63
64 89
29 24
25 98
77 76
53 73
66 31
1 30
74 19
93 82
95 55
62 23
44 15
96 3
22 9
25 24
58 62
96 95
65 59
96 33
5 34
12 56
20 81
33 68
30 19
15 25
69 79
59 3
37 11
36 0
63 11
95 15
35 25
62 90
76 76 
26 32
85 72
72 0
8 17
71 59
20 53
15 38
82 77
5 67
31 0
73 17
13 4
49 4
13 72
17 13
81 10
53 91
37 14
24 9
63 2
83 8
33 20
57 14
24 90
38 41
86 2
54 72
42 66
49 28
6 97
89 91
45 83
97 27
38 83
84 70
54 46
41 27
88 34
90 42
56 25
9 46
45 13
35 58
69 73
9 93
77 70
95 28
62 81
60 72
66 18
67 53
95 92
20 25
89 39
63 47
63 92
6 38
7 64
0 66
66 6
42 21
21 1
97 87
3 91
72 50
72 28
30 18
49 52
4 83
34 14
79 34
21 74
11 41
39 34
88 50
41 63
75 94
10 2
15 1
80 2
32 94
90 96
38 81
47 89
24 23
83 12
69 80
15 35
82 76
44 0
14 57
86 20
4 33
59 25
17 9
83 28
91 60
89 69
64 86
4 21
96 50
90 53
5 12
95 48
7 76
36 11
58 37
68 94
2 60
14 49
56 81
79 37
72 54
27 32
74 9
10 66
15 98
55 48
7 49
13 41
91 65
80 3
89 98
51 43
23 6
45 11
84 22
28 32
23 84
57 65
9 36
66 20
12 93
60 2
39 36
83 83 
31 3
88 81
83 5
76 13
84 84 
57 82
86 44
81 95
27 66
85 62
17 22
49 79
93 7
82 82 
89 90
72 74
30 74
6 14
27 33
43 75
47 46
42 18
15 89
55 87
88 94
87 13
31 18
67 48
37 58
25 19
26 58
26 4
44 92
66 7
32 22
95 5
83 9
98 88
66 64
35 50
93 38
33 36
14 34
76 20
20 4
96 42
47 72
7 95
28 40
5 7
1 57
68 90
8 95
29 74
41 18
98 22
11 15
27 76
57 31
70 22
71 9
80 57
5 65
32 70
50 21
71 97
66 89
91 58
61 90
54 76
78 4
51 8
96 48
97 65
18 89
X
X
48 38
54 15
74 40
22 67
74 25
83 14
25 68
44 21
96 96 
90 22
71 71 
49 50
17 66
53 4
56 49
29 19
37 45
3 66
71 79
29 46
61 66
81 2
15 70
26 11
37 28
48 32
91 73
59 52
30 69
40 35
16 51
67 54
69 44
76 12
53 21
41 19
33 89
38 49
36 19
33 78
51 7
77 2
32 42
66 59
88 57
90 83
96 69
50 39
43 32
94 58
87 40
83 7
81 73
51 40
57 93
63 66
84 83
89 16
28 4
26 66
52 46
73 57
57 53
58 56
92 2
61 72
33 22
26 18
30 85
80 33
65 33
10 18
34 59
4 44
62 57
67 42
48 29
82 38
63 45
42 82
74 58
78 71
97 0
25 40
6 48
47 17
43 10
93 3
7 94
49 62
24 70
9 56
63 86
35 72
46 34
24 71
28 3
70 43
8 16
90 94
80 64
25 72
19 76
53 29
39 6
84 6
74 45
86 22
24 60
74 2
70 37
75 58
97 26
24 19
50 45
87 4
92 72
90 16
59 69
50 54
78 32
22 47
29 77
94 10
14 77
55 86
X
45 41
91 23
8 34
77 31
8 90
74 74 
11 48
85 50
18 11
36 33
70 63
69 59
3 50
66 8
75 86
94 25
72 73
16 64
5 17
61 46
74 85
12 36
57 78
98 63
75 59
56 55
74 88
67 46
15 50
73 53
69 35
91 85
49 19
55 83
60 23
86 79
19 10
96 27
X
37 15
43 29
27 30
32 54
33 72
64 11
32 63
62 38
44 8
33 85
85 24
35 42
6 32
0 14
48 47
43 78
56 47
33 71
13 7
36 80
19 18
58 15
72 34
16 41
64 78
39 46
29 31
28 59
20 80
35 94
78 84
13 54
13 12
43 15
13 44
77 75
71 43
38 77
66 32
44 61
1 45
66 88
57 72
80 32
86 40
28 33
76 0
58 86
33 28
13 64
20 30
62 26
20 45
37 61
32 92
9 91
74 6
33 69
14 54
58 24
80 50
17 11
86 46
80 67
73 21
90 72
35 47
45 0
12 0
81 87
11 63
82 23
22 57
87 76
97 20
94 94 
40 75
30 31
54 80
54 16
26 86
22 61
15 85
14 92
60 78
92 66
40 47
30 67
62 36
X
89 56
86 34
42 70
96 85
40 39
55 27
38 29
22 59
32 65
78 91
55 76
21 15
41 86
45 19
12 94
82 55
54 19
33 81
29 43
88 15
90 82
91 74
4 63
43 61
42 1
64 40
53 51
6 2
19 46
69 38
43 48
91 31
57 6
68 92
7 6
61 49
89 18
31 48
91 13
24 91
66 10
98 1
56 98
53 82
77 14
23 93
50 77
23 65
71 58
26 36
34 45
25 36
53 66
81 55
29 78
97 49
21 23
97 33
71 37
47 36
55 77
38 46
0 94
33 70
37 6
34 33
34 0
91 91 
76 65
59 93
11 97
19 45
24 92
5 45
72 9
6 13
23 28
17 72
59 11
94 63
19 53
92 4
28 23
67 82
34 80
60 84
4 0
10 88
3 19
45 95
71 12
25 41
2 19
25 56
45 25
1 63
95 29
45 87
70 65
39 39 
86 4
39 93
10 15
75 70
63 43
86 60
42 48
11 12
39 31
55 26
2 27
94 19
21 91
55 69
86 86 
45 58
22 65
64 43
13 53
23 97
67 52
79 73
87 42
66 51
21 68
45 22
46 51
37 84
12 61
57 76
15 60
61 60
26 91
43 33
43 91
95 3
20 39
70 6
70 48
95 13
26 79
28 67
57 81
31 37
94 61
17 28
18 44
33 24
12 72
51 29
35 81
26 33
98 39
82 19
54 56
17 89
97 51
52 83
33 95
69 52
55 24
84 94
75 76
6 47
83 93
38 63
76 84
84 76
23 25
14 61
X
9 66
44 49
42 87
80 86
8 13
49 87
74 83
66 46
36 95
44 84
20 51
69 67
93 2
28 81
8 45
18 52
1 51
41 56
43 87
6 33
8 28
22 70
17 2
54 69
97 9
21 59
96 94
76 61
98 85
42 88
96 1
36 78
20 95
22 10
32 45
6 68
50 11
50 60
28 70
58 66
82 15
11 83
3 39
17 58
95 40
45 59
77 87
79 88
14 11
5 93
48 90
44 87
34 18
51 48
78 75
22 58
53 95
3 92
9 11
8 55
39 76
79 68
14 55
78 64
48 18
25 78
60 74
9 20
10 90
53 2
34 40
46 36
73 32
30 54
5 19
54 48
17 12
89 20
34 38
67 51
97 95
78 81
70 47
49 64
44 91
54 54 
12 10
30 89
40 82
96 64
23 83
33 7
90 12
80 87
92 6
91 96
X
87 0
7 84
84 86
36 22
29 57
X
88 14
7 33
63 30
28 16
18 95
52 82
47 14
62 71
57 88
85 79
4 64
3 88
83 20
40 7
2 92
53 37
11 18
64 94
19 9
39 18
85 10
41 1
4 1
25 17
17 42
85 84
60 33
92 12
29 35
93 36
48 35
92 54
54 93
4 2
75 81
21 96
15 80
22 79
16 96
51 79
96 72
63 55
92 7
89 37
89 35
58 75
73 24
13 56
45 27
51 65
17 10
28 31
6 7
46 93
53 3
71 72
26 46
41 3
62 79
74 10
2 47
68 71
58 25
48 11
15 42
3 33
8 75
17 73
1 95
73 10
59 82
59 80
91 35
13 10
10 97
2 66
9 86
40 56
88 52
4 54
49 68
38 86
41 77
82 84
90 92
55 68
87 14
47 15
23 30
24 13
74 80
79 85
96 40
9 77
11 37
14 5
23 20
75 88
23 16
0 93
60 64
87 50
6 16
57 38
91 82
37 67
20 2
67 8
90 33
40 42
37 21
5 3
95 89
38 43
87 90
35 78
83 33
76 94
65 82
29 39
30 77
21 76
74 46
98 7
70 55
2 72
66 19
81 97
64 62
62 61
35 41
12 87
28 48
31 8
36 28
94 2
28 21
69 65
53 42
8 65
20 38
50 43
68 62
93 73
55 1
X
18 90
8 31
74 33
23 21
95 96
13 9
91 72
39 96
21 54
87 93
35 60
32 32 
87 83
62 56
71 55
43 47
65 31
12 89
49 93
16 12
59 90
19 44
55 61
81 74
24 97
87 5
85 63
59 63
12 42
48 17
93 39
16 86
18 12
12 38
9 49
14 36
25 6
44 25
60 57
57 59
76 16
42 42 
91 97
2 73
87 67
21 60
47 18
48 40
56 60
62 47
13 21
72 33
45 51
63 37
70 62
75 53
4 7
89 43
84 29
0 11
46 95
5 5 
21 82
43 80
98 42
34 20
30 4
86 23
2 57
41 24
60 40
25 58
97 40
70 49
37 0
12 12 
67 30
81 22
50 88
44 97
72 19
46 82
48 71
47 13
55 52
90 98
72 31
73 39
73 80
59 29
12 67
4 23
9 97
84 38
89 33
29 98
52 50
15 93
58 90
76 21
75 65
57 91
48 49
98 45
72 59
10 47
0 48
61 83
63 94
42 68
63 70
84 5
64 85
10 8
83 47
84 60
12 83
86 82
35 29
64 58
65 92
55 57
8 76
79 67
25 90
44 26
64 82
96 41
38 74
63 80
55 10
69 98
65 98
65 71
36 25
14 9
47 95
52 53
79 62
12 92
9 34
38 87
56 2
53 64
49 74
14 66
23 95
32 85
83 16
55 45
39 71
35 28
62 46
32 47
3 17
56 82
48 37
19 95
74 37
13 18
87 92
80 89
92 35
61 28
4 74
38 94
96 20
19 78
64 41
97 79
65 19
12 95
75 52
51 64
82 39
70 54
75 29
8 81
44 40
66 71
71 29
6 60
25 7
53 0
59 76
59 91
74 49
59 78
98 82
24 35
14 48
7 20
61 41
94 29
50 5
88 22
36 68
64 98
94 31
64 47
6 24
29 9
66 45
95 32
63 40
43 77
62 16
37 83
19 25
3 22
92 43
60 77
97 12
21 97
16 53
56 12
62 7
69 4
56 27
2 67
54 62
25 32
39 25
76 60
7 54
62 74
42 25
37 17
89 0
80 85
82 81
6 39
15 54
21 53
65 40
46 50
98 35
51 81
48 39
84 40
73 2
85 65
15 87
78 44
50 33
58 14
95 11
45 93
6 27
27 5
42 86
47 97
7 60
55 15
70 50
2 83
54 75
54 36
16 18
50 23
48 13
80 14
77 58
3 82
14 81
95 6
16 17
75 98
22 52
7 23
15 59
31 82
91 6
35 45
9 19
41 7
56 68
74 24
50 13
73 70
95 12
49 30
42 77
20 71
91 19
34 68
68 3
48 44
15 52
1 14
28 5
39 32
74 71
83 19
29 36
38 73
24 24 
11 36
44 13
85 92
25 45
56 14
16 93
88 6
39 72
80 77
84 75
10 63
3 90
2 69
2 33
47 37
10 24
41 91
32 79
91 75
27 69
48 87
40 38
82 8
92 15
37 64
33 50
15 63
96 25
10 75
80 98
48 14
23 58
42 57
11 85
77 73
89 50
67 79
33 45
8 63
49 53
46 39
7 27
12 91
83 62
72 30
22 22 
12 19
4 17
85 19
39 65
9 95
52 61
81 46
98 65
7 81
42 69
2 46
18 29
47 48
88 86
69 46
72 36
15 79
53 75
73 20
59 46
44 38
95 75
75 44
52 92
48 53
50 20
0 73
8 21
8 84
31 41
6 79
26 20
2 13
84 80
20 11
21 67
80 56
64 6
44 76
63 53
54 51
45 96
30 28
15 61
16 59
56 90
43 96
86 32
73 34
25 50
21 24
35 15
17 64
25 27
65 60
19 81
84 50
28 41
37 19
67 24
90 24
5 63
31 89
38 47
72 93
44 27
62 40
52 44
80 69
97 1
58 79
15 40
74 97
12 58
37 25
86 63
X
21 8
7 40
56 73
3 1
69 23
64 18
39 77
92 21
51 20
98 0
93 37
70 81
35 69
23 57
26 26 
12 40
97 85
7 55
41 68
87 23
9 58
2 80
76 62
6 36
97 47
67 37
41 85
53 6
80 24
16 6
92 41
53 50
51 30
97 81
70 35
32 74
36 87
8 74
35 31
73 44
22 76
37 98
21 61
44 67
85 42
66 61
17 8
4 95
57 25
53 14
43 11
76 15
9 87
80 55
82 94
76 29
30 25
65 96
62 37
30 60
38 52
68 72
6 88
70 91
32 19
24 77
92 59
14 80
12 71
0 20
23 12
87 71
41 26
94 3
5 25
15 19
53 43
90 97
22 38
82 42
5 43
26 75
23 59
72 25
32 20
45 39
67 80
37 53
12 34
34 82
5 14
18 63
87 30
81 21
69 60
58 11
67 7
7 70
55 23
73 29
52 34
42 65
9 47
5 26
51 77
52 96
51 76
42 22
31 90
75 45
11 27
83 57
58 52
42 9
87 34
52 29
70 61
52 4
91 42
93 51
90 15
79 23
62 78
50 68
87 29
14 39
X
3 26
14 56
87 57
45 35
70 70 
98 8
25 60
59 4
89 54
75 78
89 28
4 15
20 52
64 25
47 41
72 87
59 33
4 31
52 77
9 85
0 9
18 72
58 63
26 40
45 81
27 52
55 12
42 90
82 17
46 65
71 96
47 22
62 48
42 43
16 2
54 26
35 71
15 41
X
57 9
33 59
72 52
6 44
52 59
18 3
5 31
36 43
93 63
20 63
63 57
48 82
82 79
40 69
39 20
79 0
45 17
22 98
68 63
97 19
6 20
46 96
31 34
X
2 38
44 41
41 47
7 47
69 95
9 78
34 28
53 86
8 70
40 76
73 72
35 46
86 10
34 23
69 30
10 73
74 75
47 81
69 26
65 73
70 56
59 75
21 20
82 92
71 10
32 88
93 81
55 4
10 71
74 39
7 63
48 72
47 80
7 13
19 54
85 28
44 83
14 52
84 82
36 71
37 86
67 83
84 36
32 82
38 80
10 46
95 87
84 62
94 5
11 34
50 70
76 14
98 32
51 55
52 2
4 89
64 42
51 35
96 37
35 89
12 2
97 72
69 40
87 1
21 11
49 73
76 2
24 85
62 8
53 1
50 41
31 63
73 8
48 88
78 45
68 12
10 20
77 90
62 75
79 94
59 81
56 7
66 3
23 53
88 95
44 55
14 10
6 95
94 81
5 91
97 93
24 33
3 58
81 72
10 65
76 70
23 64
49 16
18 57
X
92 28
79 21
81 44
29 2
89 65
51 58
78 24
46 89
95 4
69 56
60 27
26 27
18 18 
68 61
53 47
55 54
91 68
93 94
38 36
22 39
95 69
56 57
15 15 
5 41
75 24
23 15
41 70
87 91
56 56 
60 17
6 12
36 46
5 71
17 19
63 78
51 53
82 93
21 45
37 55
71 76
73 51
31 38
6 49
3 84
8 8 
55 36
92 85
44 79
30 1
24 17
44 63
36 56
43 74
26 82
90 31
45 76
77 83
98 16
55 92
9 82
7 37
30 6
25 21
0 77
89 31
34 51
6 70
83 82
69 66
98 64
9 26
41 54
57 27
77 81
35 91
83 74
48 16
7 17
88 46
68 39
1 47
84 39
33 25
85 75
47 1
7 30
54 18
33 42
45 53
76 43
19 74
98 3
56 1
27 31
63 79
67 29
3 59
78 17
35 0
29 28
25 49
57 4
33 65
47 16
47 12
75 32
5 0
36 17
2 50
40 32
25 86
65 45
57 68
36 44
95 27
39 78
91 93
74 7
13 36
97 37
14 27
74 63
84 91
19 65
59 18
48 75
62 69
18 35
90 36
88 43
73 73 
26 13
15 20
52 22
36 36 
16 98
77 42
64 84
13 22
81 31
3 21
40 11
50 92
59 35
79 44
22 56
23 29
53 96
14 35
39 85
15 57
62 17
33 60
21 71
73 5
66 4
10 1
95 90
98 54
48 78
51 72
28 84
17 78
82 88
69 47
50 61
31 81
42 39
43 81
43 58
14 71
7 79
89 26
49 36
24 67
15 48
51 74
3 45
74 76
16 25
52 3
65 28
21 27
48 52
21 58
75 9
82 22
31 42
29 55
37 65
20 64
30 68
55 38
41 65
53 63
54 52
76 80
8 44
57 21
32 25
1 24
69 2
69 36
41 2
62 28
18 81
4 43
94 73
18 64
90 40
8 68
12 53
16 49
12 28
24 39
83 1
14 76
36 39
10 54
70 98
90 21
65 61
73 96
8 36
15 16
80 25
94 21
15 8
34 36
44 53
86 61
26 44
81 13
91 45
88 64
34 91
66 52
77 98
14 62
84 17
75 55
46 55
30 2
7 9
37 89
83 63
48 96
49 45
12 16
45 54
24 57
82 96
84 52
64 75
16 16 
24 46
75 54
85 56
78 46
98 46
22 71
12 35
23 11
36 24
26 39
24 29
14 97
68 26
15 47
45 15
28 51
88 91
27 87
79 45
29 20
57 83
61 35
69 49
43 3
64 71
78 58
86 62
36 42
61 67
29 25
61 84
26 69
35 82
59 60
58 40
13 37
26 80
27 61
11 94
88 89
50 6
71 54
88 3
61 40
61 59
98 9
69 62
62 41
78 56
81 83
42 50
4 22
X
60 48
52 23
85 32
13 73
98 33
98 38
97 58
25 76
61 73
2 91
34 77
54 22
22 29
48 7
25 39
19 93
77 35
53 27
72 14
52 30
60 26
82 66
92 56
1 60
25 37
89 64
21 40
83 25
0 63
53 19
2 65
33 19
87 28
94 12
46 19
12 13
3 80
9 9 
43 23
25 12
2 53
93 57
48 70
40 36
24 55
21 46
45 12
90 95
96 2
83 29
77 88
47 24
90 37
68 25
73 46
38 28
55 53
39 29
89 49
63 81
16 70
90 91
66 93
47 55
94 72
35 57
32 64
X
76 1
86 70
16 95
60 47
59 54
10 45
28 20
14 70
81 45
64 60
63 84
24 42
47 85
40 59
44 19
87 11
30 46
85 68
52 98
72 60
13 11
10 87
29 0
97 71
90 85
55 58
15 84
77 66
60 37
61 54
19 23
64 46
45 68
75 23
82 95
17 80
37 48
21 35
83 21
29 85
61 27
81 30
62 50
9 71
36 16
74 36
59 27
32 49
64 66
74 57
82 10
21 55
57 54
16 10
26 84
94 80
58 23
32 62
19 24
56 92
9 10
22 4
X
74 43
0 56
49 3
40 3
13 47
37 32
35 70
88 33
85 61
95 61
81 26
80 70
59 10
3 5
47 43
7 1
63 85
57 12
78 38
85 33
45 60
56 88
81 6
64 76
88 92
35 93
44 69
11 93
9 32
33 51
87 63
60 24
72 26
41 89
23 96
31 22
91 36
56 58
81 90
66 29
80 49
15 78
56 36
59 15
6 55
52 90
84 63
65 50
52 25
28 25
16 65
31 46
66 30
9 55
8 27
16 5
71 89
92 19
66 84
9 81
98 14
19 75
91 70
39 84
75 8
49 61
10 9
43 66
46 31
3 34
27 77
33 55
38 85
7 5
70 23
10 10 
20 83
27 75
97 45
46 53
8 23
53 77
87 82
35 75
76 40
15 28
39 2
73 22
57 26
56 32
57 22
54 77
66 85
37 49
75 71
54 73
77 33
40 73
73 58
13 74
30 40
59 62
62 29
13 39
0 87
10 19
79 7
17 51
83 0
34 15
0 45
74 29
61 92
31 19
43 79
79 65
32 6
53 97
84 16
29 56
41 66
95 31
51 75
82 21
70 93
20 10
58 32
4 6
38 61
29 3
26 49
40 79
12 39
11 88
17 95
64 48
80 28
67 75
43 90
4 52
71 81
47 40
40 0
38 78
54 39
10 35
96 21
25 93
49 37
78 65
2 56
28 60
9 43
77 4
37 96
98 84
25 83
36 66
75 89
53 25
8 78
16 35
23 22
91 30
76 38
4 24
79 28
49 66
78 33
88 77
32 35
66 43
50 22
69 51
4 41
3 9
42 12
76 88
X
91 50
56 23
44 39
52 85
71 51
79 49
27 9
50 91
91 21
39 33
80 96
56 44
60 92
0 86
85 83
34 78
12 85
49 85
62 76
95 45
91 40
89 22
6 71
6 66
23 60
57 92
36 20
2 11
43 14
29 41
66 73
80 95
57 11
64 26
45 26
95 53
72 51
48 73
17 26
14 91
46 4
51 57
73 56
34 60
41 20
75 85
70 36
53 90
91 95
21 14
28 64
69 41
68 91
20 23
73 74
6 59
22 85
45 47
23 3
70 14
72 48
27 15
72 42
12 44
68 43
54 96
28 45
34 87
95 0
8 43
3 53
46 48
91 43
38 92
84 92
50 30
37 16
43 82
79 11
58 69
6 9
X
78 19
43 67
50 37
13 28
67 61
54 2
24 50
79 89
14 2
61 88
66 95
85 76
14 8
12 37
32 90
51 62
57 61
81 57
46 91
40 95
80 7
12 21
13 78
89 78
16 1
29 52
15 0
54 88
88 56
86 52
72 64
3 11
76 30
82 51
96 23
97 21
40 37
74 55
11 42
98 26
82 40
20 29
77 86
46 66
37 73
22 23
15 12
88 96
36 57
23 33
97 8
14 86
90 86
64 55
92 60
82 6
23 80
18 15
80 61
81 93
94 64
4 68
18 96
29 44
29 96
97 13
44 57
12 11
96 76
80 0
1 56
91 51
42 6
69 9
2 55
67 32
74 86
88 25
68 52
65 41
34 43
57 60
57 62
89 38
53 57
80 97
42 56
13 83
35 33
69 74
45 52
95 24
60 88
41 69
20 75
45 33
12 82
91 22
34 56
51 18
51 33
39 14
15 97
8 83
26 24
8 82
78 93
52 54
6 82
31 70
24 48
1 87
69 25
16 61
57 46
68 51
33 33 
35 18
26 64
29 5
21 70
21 98
68 77
49 46
66 2
53 76
68 47
89 76
84 23
2 54
32 28
82 1
43 21
67 89
42 62
38 7
73 14
44 24
87 2
40 83
28 46
78 55
8 7
79 29
49 27
49 8
88 31
92 14
75 49
56 43
50 85
63 36
55 71
35 74
40 20
90 64
96 29
82 68
69 39
39 35
27 65
45 62
71 30
93 92
89 86
50 28
48 76
74 32
91 12
47 31
64 2
97 80
35 51
96 65
83 96
39 73
22 48
30 48
19 51
56 83
50 3
91 15
26 97
26 6
66 39
87 54
7 93
92 96
81 80
61 39
22 94
20 3
20 57
90 59
86 81
86 35
70 92
75 74
98 48
77 53
92 63
57 44
88 4
0 76
22 74
95 86
52 48
92 30
89 17
62 72
26 50
98 79
62 73
51 2
25 81
18 51
91 5
91 67
2 48
29 72
98 34
48 92
9 79
25 59
52 64
22 93
28 19
24 81
92 53
4 93
2 12
56 8
49 24
32 24
3 98
92 93
65 9
79 40
96 46
45 29
77 62
88 8
88 35
92 51
21 52
22 20
6 53
81 16
10 16
78 68
94 33
88 80
68 50
64 38
52 89
8 35
22 96
19 43
41 42
16 3
32 17
83 97
70 60
41 43
41 90
85 34
29 73
84 64
20 93
40 87
80 31
52 38
86 7
14 12
5 47
37 46
78 86
94 74
64 19
86 38
85 11
18 98
57 56
39 88
28 1
34 49
4 42
50 76
17 75
6 28
17 50
97 64
14 83
44 7
49 18
27 45
23 74
84 28
14 13
0 51
58 18
86 6
90 23
72 13
66 94
4 56
32 71
38 12
25 11
14 3
7 59
47 88
90 38
39 47
62 60
96 39
32 38
31 66
87 98
15 94
80 75
78 70
31 80
37 35
81 29
98 21
72 2
52 17
17 56
4 27
49 20
27 11
84 34
83 56
89 67
22 32
88 93
58 16
12 96
38 25
67 44
79 93
49 13
71 36
84 8
76 75
35 8
56 15
30 42
27 20
29 80
69 54
72 49
34 85
8 39
3 60
28 34
59 59 
22 14
60 22
45 50
52 40
50 35
27 1
71 91
63 49
78 16
27 23
35 48
77 78
34 79
50 24
1 18
55 20
10 86
40 2
25 88
9 44
22 31
22 68
89 85
15 13
47 61
79 19
39 1
10 57
3 67
68 83
39 58
6 77
98 80
18 58
14 72
50 42
9 15
85 91
14 73
19 66
48 23
21 77
74 54
62 65
26 38
83 79
11 70
19 8
59 26
84 72
76 44
75 82
65 63
92 20
92 62
25 3
53 44
60 82
50 52
57 24
54 3
12 48
27 8
56 93
37 70
83 34
47 23
57 71
91 39
27 67
70 89
15 37
50 18
49 90
73 23
82 56
73 27
72 37
27 42
74 60
46 15
81 56
11 16
94 35
51 6
45 1
59 48
5 13
25 87
3 57
75 40
72 76
10 92
82 13
72 32
53 15
48 65
25 25 
54 12
8 89
30 5
79 92
90 55
6 22
49 80
12 90
20 69
35 27
70 3
64 3
27 62
24 58
48 42
0 67
4 13
43 16
29 40
21 56
25 91
73 52
58 95
93 56
35 22
39 56
12 98
12 60
53 41
46 94
39 50
21 7
93 74
43 56
58 59
23 82
41 14
66 74
45 78
77 9
95 25
27 86
45 98
78 22
19 52
17 1
58 91
93 16
32 51
43 68
5 60
68 23
57 55
20 76
73 31
17 77
97 25
47 45
72 56
37 59
40 74
61 8
12 33
5 42
79 58
21 69
8 46
82 86
8 53
7 88
96 74
45 42
14 87
31 55
19 34
40 68
38 55
4 39
84 51
59 28
25 48
75 63
6 3
64 56
37 68
11 62
8 67
98 4
64 95
43 31
77 68
4 11
14 59
88 49
60 36
30 20
12 84
64 8
6 45
17 92
46 46 
12 24
67 9
85 18
52 41
76 58
65 51
40 41
2 18
7 92
66 9
95 44
43 13
32 75
18 2
71 0
94 43
2 10
90 44
78 67
86 43
60 39
69 94
56 62
93 79
41 81
69 32
84 21
80 79
36 41
95 95 
48 34
14 20
32 33
43 24
78 3
6 63
62 24
31 75
90 45
30 32
96 15
21 65
71 48
64 10
73 49
45 56
23 68
33 94
77 20
93 34
71 27
43 55
44 16
28 75
54 27
53 23
16 88
70 4
53 49
81 8
19 90
20 59
14 74
6 11
47 98
11 65
24 27
22 6
61 38
X
56 91
40 1
23 69
98 2
17 57
16 73
18 97
42 15
56 5
36 94
43 39
56 20
86 65
64 57
72 7
13 27
35 83
39 92
24 74
89 94
87 9
44 88
38 75
65 57
84 47
27 2
42 75
60 67
7 75
81 19
76 34
16 27
10 83
9 12
75 35
26 55
20 15
46 81
5 40
58 64
88 54
37 18
57 57 
77 54
57 2
5 59
48 20
5 50
45 36
55 34
43 35
48 63
53 67
82 89
20 32
78 83
86 74
6 29
23 98
9 35
61 15
56 28
77 84
85 81
21 13
85 77
92 42
71 73
87 73
12 45
16 29
92 13
20 43
54 53
6 41
34 67
81 17
8 37
17 70
8 18
44 89
92 44
95 58
39 80
92 27
87 56
38 22
47 67
17 35
83 22
35 56
43 5
88 26
97 90
25 35
4 12
28 52
47 71
34 25
19 6
65 66
25 80
23 50
83 2
45 89
74 50
11 45
3 76
42 89
77 44
98 69
5 68
60 54
76 63
93 77
10 3
84 98
83 49
45 21
3 18
24 89
41 96
58 41
42 3
66 21
41 83
4 61
46 61
76 49
82 12
22 16
16 68
79 81
56 89
46 42
26 98
43 19
20 24
17 55
77 49
35 67
79 79 
1 46
94 82
8 92
12 74
54 32
46 30
19 56
78 92
93 33
46 80
31 17
94 0
8 20
86 76
57 29
74 84
92 34
46 60
69 7
9 59
35 14
90 13
23 91
87 31
40 89
18 56
72 20
55 11
2 89
48 64
38 18
46 62
0 65
88 78
56 11
85 38
0 60
14 85
73 76
7 91
67 71
44 47
23 24
75 50
11 98
26 21
27 22
19 21
42 38
42 47
71 75
29 10
20 94
43 92
22 15
1 73
63 31
91 52
26 14
1 91
81 3
45 55
40 52
8 26
74 4
89 23
10 61
55 0
79 71
35 73
54 11
79 95
48 59
7 98
11 24
45 5
52 24
65 81
2 35
26 29
79 64
51 22
46 47
30 91
77 93
63 67
84 67
79 31
65 75
26 5
17 34
38 21
78 89
18 93
52 74
96 55
91 18
38 26
X
70 96
86 64
86 56
13 45
8 25
20 60
60 76
45 14
89 36
86 78
34 17
68 41
85 74
4 80
67 93
38 84
48 21
46 40
16 13
28 30
31 97
50 46
92 33
75 62
95 62
61 71
40 90
72 67
52 72
79 12
32 81
2 68
81 20
63 72
77 22
59 61
72 65
36 65
68 21
93 93 
87 33
94 38
61 17
86 5
38 97
24 22
72 69
31 21
96 90
42 17
61 80
82 16
58 6
43 95
10 55
36 64
44 46
62 59
89 1
94 6
77 28
55 78
4 16
58 43
9 83
81 23
12 75
93 35
24 41
40 22
33 46
X
47 86
22 92
96 13
2 23
40 78
89 96
16 78
66 17
11 1
95 85
18 7
42 91
74 62
69 57
20 19
59 16
44 42
40 88
30 36
76 91
13 20
90 1
23 94
10 98
54 70
44 5
89 92
81 67
16 56
12 68
75 57
36 48
7 86
85 85 
5 89
44 9
6 10
71 65
72 58
16 55
2 88
23 32
63 77
80 68
15 21
52 19
17 69
78 85
2 45
33 34
93 55
48 66
61 25
98 18
80 60
22 80
77 32
84 35
46 77
59 89
47 82
67 5
88 27
87 88
9 51
4 37
40 50
56 26
25 92
55 16
79 24
26 10
92 64
80 4
6 46
63 41
80 66
7 85
54 78
48 12
36 79
67 76
89 75
10 91
6 74
82 52
45 67
16 77
88 11
63 27
32 18
73 93
38 76
3 86
80 10
75 37
27 48
0 81
34 64
2 34
89 44
29 48
77 65
95 94
67 73
47 78
84 24
15 6
64 9
58 10
51 27
47 56
92 91
88 88 
95 2
4 96
51 89
53 92
95 36
24 88
68 96
14 14 
75 80
49 75
54 43
21 39
84 37
30 80
15 3
78 13
55 44
38 89
34 47
21 47
9 41
54 47
8 48
56 34
33 37
26 35
97 22
51 39
65 64
18 1
96 22
86 11
73 55
53 12
22 11
74 94
55 62
56 6
36 51
50 89
38 32
57 32
23 19
47 53
15 56
19 13
7 28
7 90
55 2
85 31
34 46
58 2
18 25
24 45
45 80
30 0
15 88
77 79
0 13
5 9
42 49
32 89
75 64
97 62
79 57
97 38
53 20
70 83
13 26
59 47
54 7
41 82
44 80
17 60
50 34
7 39
65 53
46 28
44 82
75 79
21 62
26 37
29 6
87 77
88 87
57 52
33 23
93 89
1 55
4 66
81 0
24 15
6 54
73 33
34 37
74 89
75 25
42 76
38 91
84 66
47 51
67 92
13 71
33 82
93 66
25 69
21 31
93 53
89 77
65 93
57 39
91 84
53 38
60 89
78 88
4 87
92 3
16 21
55 21
49 60
95 79
76 42
90 35
87 16
70 30
71 60
34 31
77 37
53 53 
26 8
47 94
92 81
94 13
5 11
54 92
91 27
92 89
97 34
49 91
68 56
13 17
39 61
39 54
13 84
1 53
84 56
28 53
52 42
22 43
36 70
76 90
48 80
64 37
16 42
6 58
97 54
18 21
34 57
50 47
24 31
38 19
51 3
65 84
10 26
14 84
61 1
83 75
24 47
73 82
75 36
8 9
81 68
74 48
5 38
4 59
63 24
52 35
96 93
41 44
85 53
30 24
87 95
78 1
58 33
46 29
90 5
22 55
18 0
44 95
24 44
78 11
36 40
56 80
70 71
8 86
10 11
15 22
56 48
97 83
89 6
92 95
28 47
4 35
10 39
95 46
25 77
71 14
X
34 26
37 85
60 28
17 93
52 8
21 78
9 94
91 76
4 78
17 23
87 74
80 44
87 87 
73 38
12 70
61 94
98 87
79 36
41 11
54 82
8 64
20 66
60 80
35 20
70 27
88 63
71 92
73 62
26 47
14 50
94 24
62 55
64 39
26 34
65 6
49 39
86 24
52 45
76 86
66 53
84 33
97 55
92 55
72 22
46 16
5 85
97 32
22 1
88 67
81 18
59 65
54 20
86 36
73 25
80 36
89 81
95 98
24 93
82 18
62 62 
87 37
29 45
75 0
74 38
12 66
37 44
67 2
53 13
95 93
16 22
93 23
9 70
16 80
49 56
7 26
1 23
83 92
41 13
64 1
18 8
71 90
69 71
11 13
29 22
17 97
96 24
86 55
76 18
77 15
34 32
7 12
84 4
91 69
29 8
13 35
52 79
28 9
26 3
63 28
27 47
90 57
89 8
20 78
73 9
85 36
30 81
1 93
57 67
24 20
47 47 
75 22
92 69
85 23
14 15
60 70
63 17
72 85
8 77
18 17
72 68
19 19 
38 96
79 91
17 29
78 50
89 51
43 54
27 28
3 71
41 0
44 59
9 76
71 53
82 85
89 32
12 41
34 35
27 44
32 91
93 32
28 66
3 23
22 87
83 80
48 68
76 73
2 1
42 58
53 7
66 63
61 63
1 43
13 85
45 32
78 9
6 35
46 9
35 95
76 77
9 92
72 4
84 10
92 39
63 42
5 30
40 96
45 44
83 69
9 37
7 25
79 83
32 29
81 70
25 61
4 26
10 48
81 75
39 62
21 19
24 43
73 19
13 60
79 39
0 72
62 83
28 61
93 11
88 18
43 50
50 71
54 28
90 18
5 27
45 28
30 35
64 81
18 43
48 27
79 17
24 12
9 80
88 58
69 58
46 32
72 61
91 83
49 34
26 15
80 13
8 85
41 6
25 44
38 44
94 91
63 1
77 29
69 64
48 28
25 57
53 16
68 11
9 72
38 57
30 16
83 84
65 74
41 36
75 6
68 81
76 89
83 60
44 33
34 70
80 88
29 1
28 12
24 78
56 79
X
34 34 
3 35
6 25
17 88
21 16
19 15
36 58
13 48
12 27
31 60
43 76
3 63
53 68
49 33
32 78
87 20
81 84
1 82
14 58
3 7
47 64
42 67
39 5
38 62
23 43
48 94
27 4
80 8
36 15
41 5
98 67
5 64
74 23
73 94
4 65
91 1
68 31
66 60
51 80
75 10
51 5
28 77
60 83
60 6
45 88
65 58
46 92
65 18
95 9
45 48
74 70
12 9
X
59 95
54 37
63 93
57 75
61 55
28 44
19 5
83 88
94 90
13 25
65 87
73 4
42 20
26 87
23 26
16 4
81 89
28 71
68 4
57 41
26 31
13 63
53 56
20 35
2 58
48 62
86 59
44 29
54 97
3 25
19 77
43 17
54 31
67 72
40 10
39 0
58 97
63 16
22 12
57 28
82 90
46 56
81 12
81 98
44 11
40 14
55 84
11 43
1 66
37 51
91 77
37 97
89 80
47 38
6 23
41 73
21 63
20 92
35 11
29 51
46 38
58 83
56 86
31 98
76 19
39 60
95 33
11 74
70 52
89 52
55 7
55 49
4 77
1 96
33 74
95 82
20 40
67 60
49 81
48 93
12 8
12 29
57 85
45 61
39 22
74 59
18 80
44 31
41 41 
67 16
32 37
0 64
60 91
85 86
21 33
69 82
72 44
36 38
21 43
97 66
64 5
53 93
68 38
35 88
76 17
27 29
3 64
25 54
31 6
68 75
21 92
19 60
98 44
85 55
63 18
63 98
49 65
76 54
29 71
9 17
4 90
79 16
64 64 
27 79
44 68
48 33
15 33
33 13
10 72
72 1
20 96
82 33
47 11
16 84
59 77
38 79
37 56
50 36
28 7
61 56
18 33
87 17
76 22
76 81
86 85
43 2
89 45
92 16
7 16
2 32
86 87
14 78
79 60
82 9
32 80
20 74
90 84
54 89
65 83
82 46
7 50
51 61
74 16
88 65
90 50
87 86
71 33
71 24
88 24
80 90
7 87
91 0
83 89
60 59
7 11
88 12
1 44
7 35
79 20
52 95
42 19
3 54
55 55 
60 61
11 60
55 91
54 5
82 87
48 81
45 20
10 27
77 72
13 34
22 33
5 44
25 70
6 81
37 20
11 84
76 59
69 89
13 46
14 75
32 1
18 60
7 19
39 43
12 15
58 9
60 3
20 13
71 26
49 11
47 34
3 93
67 96
24 11
29 66
77 50
85 67
17 65
93 4
37 34
24 68
78 69
63 83
54 23
39 27
35 13
8 42
82 58
0 10
74 95
67 87
46 13
80 63
92 57
18 22
33 67
47 79
98 74
42 61
96 86
53 5
58 76
23 79
7 51
93 42
20 77
98 40
52 76
44 6
73 63
5 18
30 17
19 11
30 52
24 30
79 32
15 82
0 53
11 28
51 91
22 45
20 16
69 17
71 13
74 34
96 31
11 87
34 24
1 35
88 51
84 95
9 57
54 84
7 48
26 88
40 6
2 87
50 63
4 19
16 66
6 83
65 95
8 3
28 79
76 56
73 0
66 25
78 20
38 42
12 55
72 10
48 86
55 70
5 70
97 15
73 26
2 51
44 36
43 49
31 45
44 56
92 0
43 9
89 66
29 26
69 31
60 35
24 38
22 54
19 92
65 80
3 40
68 30
74 77
16 48
84 18
77 40
23 56
89 24
48 74
58 17
15 83
65 23
59 7
79 96
21 73
41 95
9 54
40 34
10 13
46 87
1 10
65 42
91 25
51 70
85 22
55 25
97 44
25 82
33 29
70 90
23 8
58 65
78 29
56 72
68 89
60 16
8 4
74 81
32 97
43 64
53 54
58 68
4 73
7 52
14 63
74 27
12 30
11 76
13 62
86 45
29 29 
95 42
66 81
90 67
50 57
25 18
15 18
31 68
49 40
49 78
82 35
70 97
97 36
65 52
79 46
69 61
28 69
82 98
88 32
16 90
24 32
55 40
53 81
62 91
96 80
57 79
24 80
19 14
82 0
89 46
24 49
49 2
6 75
72 88
5 95
32 23
67 58
97 50
12 86
18 14
14 33
3 69
20 67
40 45
91 33
42 80
18 54
11 82
1 65
88 84
4 4 
70 13
28 2
83 87
69 81
84 14
77 59
70 58
11 30
35 79
80 15
91 46
1 11
60 0
93 28
38 66
54 79
16 24
7 15
52 16
81 11
5 58
90 66
65 32
65 47
34 63
6 43
85 66
51 85
47 10
58 39
71 77
2 63
82 34
26 77
6 19
15 66
95 26
46 12
46 59
77 71
37 13
13 55
87 12
46 3
51 47
54 95
19 83
87 51
10 43
68 48
45 75
68 53
39 70
15 14
69 20
16 14
75 60
10 29
79 8
56 4
61 0
67 23
43 22
6 5
4 20
83 4
15 65
28 28 
19 69
17 49
31 20
73 18
76 35
6 50
82 69
85 70
30 21
12 78
39 28
25 55
37 50
16 74
61 48
74 79
95 1
33 21
50 38
55 39
38 82
26 45
96 9
92 94
22 46
96 30
3 74
54 6
25 28
97 39
84 25
88 42
66 80
73 78
24 34
94 30
94 20
59 45
37 42
38 65
5 49
90 68
7 61
5 88
36 23
77 55
66 54
80 34
48 97
44 93
71 63
58 60
20 8
36 26
37 23
51 95
20 44
13 96
98 94
6 15
53 26
30 34
26 68
4 60
53 58
95 97
78 18
19 42
54 57
80 82
79 86
91 57
50 56
88 55
53 46
91 55
11 55
12 77
97 68
5 98
61 81
54 64
23 78
27 3
53 36
19 72
96 38
30 90
15 69
6 78
14 82
55 22
87 8
23 54
45 63
64 44
12 49
89 5
26 59
93 68
95 43
69 24
65 44
45 31
7 89
56 21
66 90
52 15
82 50
11 17
35 43
15 51
98 49
87 94
52 5
89 13
39 64
48 15
64 80
3 38
77 38
72 18
4 70
29 34
38 45
57 64
71 82
83 35
45 79
8 32
37 27
41 62
4 55
83 65
52 9
9 21
1 9
8 56
94 69
50 69
0 21
37 63
3 56
53 22
35 85
61 61 
86 33
57 86
12 43
76 72
73 54
81 28
59 23
46 76
59 67
73 50
66 48
68 10
79 4
34 76
58 94
60 18
90 14
79 47
77 12
72 43
90 60
14 68
0 97
50 55
1 15
75 17
27 89
2 14
42 94
80 59
11 14
85 13
37 31
53 85
59 55
87 22
59 39
91 14
70 41
21 10
92 40
50 58
74 31
66 27
26 74
19 20
68 54
78 47
96 83
37 33
96 91
29 76
14 65
46 71
53 11
38 95
68 17
32 87
15 9
X
46 5
82 14
93 12
1 88
64 29
93 5
18 45
28 17
22 35
57 63
40 13
11 29
16 26
78 21
38 8
4 30
X
49 89
97 17
7 36
35 84
7 74
7 21
41 59
23 61
73 42
67 17
36 83
1 98
12 59
22 72
83 6
36 67
73 71
93 67
25 20
76 83
5 21
93 43
10 40
81 77
8 98
88 7
8 66
43 6
16 97
87 24
41 87
25 31
41 8
3 68
39 49
36 82
10 14
95 68
55 41
27 7
16 52
24 25
28 18
90 71
68 93
8 71
X
64 12
50 40
43 30
19 16
63 23
80 5
63 91
86 73
98 30
54 29
61 69
87 96
38 23
20 82
21 79
55 60
10 69
32 15
66 44
69 6
15 7
15 75
96 0
90 32
84 13
15 86
11 19
33 88
42 81
51 17
81 54
43 70
84 68
83 17
55 59
48 51
23 23 
94 16
58 77
30 66
69 63
42 44
98 43
73 81
55 67
88 0
48 69
14 90
36 89
42 85
73 75
54 24
70 68
51 21
10 89
15 24
88 36
83 70
44 75
0 82
58 22
41 39
48 89
29 30
18 88
68 32
57 77
69 5
48 91
22 81
47 30
8 79
4 5
30 53
37 22
19 17
97 56
22 21
57 94
21 12
58 84
49 55
59 88
48 41
83 91
45 66
72 57
2 90
56 65
71 8
94 62
41 45
16 0
24 21
8 38
31 29
9 50
8 2
70 21
25 89
4 86
58 31
1 13
93 72
66 58
86 80
39 44
X
X
95 64
17 96
X
X
X
X
X
X
69 90
94 92
55 5
83 95
X
61 89
X
31 39
X
74 64
X
X
20 55
X
75 30
X
X
20 14
62 25
X
X
17 7
78 15
70 31
40 25
X
47 52
67 39
14 19
74 53
X
50 48
87 85
51 4
77 13
65 49
X
46 21
13 86
X
X
X
10 68
80 65
X
18 59
X
37 36
20 42
28 72
X
X
36 52
1 97
X
X
92 22
X
X
X
X
X
27 74
X
47 70
67 55
X
X
77 91
51 34
X
36 50
X
94 37
X
X
X
X
17 6
X
27 98
69 72
87 38
X
X
X
X
76 24
X
64 96
X
X
79 10
58 85
24 36
X
28 80
1 72
X
28 83
3 27
X
X
96 57
96 89
X
X
X
54 58
75 91
X
X
8 93
X
X
X
78 14
94 77
X
31 57
X
X
X
X
X
19 71
55 85
X
82 25
X
4 51
33 17
37 92
X
X
85 20
X
61 85
X
30 39
13 79
X
27 91
X
X
71 52
34 65
86 42
X
X
15 27
28 74
42 5
91 20
94 27
X
54 63
X
68 24
27 14
X
X
59 92
8 41
X
X
74 87
52 60
6 85
X
X
56 42
21 28
5 10
X
75 46
4 49
7 7 
21 17
39 82
93 27
25 30
X
74 8
X
X
X
X
X
21 94
39 90
9 25
X
13 16
77 45
X
75 51
60 29
73 43
65 65 
X
X
16 81
51 51 
91 63
32 31
30 98
X
X
28 57
76 53
X
X
61 47
X
20 41
76 93
X
5 61
4 71
X
X
8 50
X
X
X
X
39 17
58 21
11 22
X
57 34
32 41
X
X
44 37
X
10 37
X
X
83 40
47 7
90 76
X
79 15
80 45
X
43 94
44 60
X
X
X
X
77 67
63 75
10 32
10 84
X
X
50 62
X
X
95 47
47 60
21 2
23 72
31 2
X
30 30 
65 48
96 49
90 65
X
X
47 28
7 2
89 53
59 96
58 80
X
30 37
X
X
X
57 73
X
65 8
39 21
X
96 26
5 74
15 64
67 26
69 68
X
20 73
X
35 39
X
X
X
1 68
20 27
44 54
18 28
X
44 90
X
31 25
80 22
X
X
39 51
29 97
21 72
76 87
8 47
72 47
13 61
X
6 40
90 51
85 35
22 30
52 52 
X
X
58 7
X
77 56
X
X
X
X
X
18 75
17 54
48 56
X
85 25
58 26
X
X
X
55 88
67 45
33 66
X
X
X
24 53
22 95
X
69 83
53 18
X
49 12
X
10 67
X
63 76
6 94
X
39 97
56 94
3 12
88 2
59 66
96 32
79 87
87 35
27 34
X
X
X
X
1 27
49 14
82 73
97 57
23 75
X
X
X
39 53
86 83
0 95
X
66 37
X
68 80
75 33
61 36
10 93
X
13 14
4 3
23 90
X
X
15 10
X
73 59
X
30 86
X
50 72
X
88 5
35 10
X
67 77
6 84
X
X
X
70 46
36 49
X
X
57 33
80 1
42 36
28 91
X
22 69
X
X
X
X
24 95
X
77 47
35 63
X
94 83
36 73
X
70 20
83 94
89 62
11 91
17 14
X
61 26
X
X
X
52 6
84 1
X
60 56
X
77 69
X
8 49
X
5 87
29 81
11 8
90 46
X
79 14
X
23 7
X
28 42
X
15 34
X
X
X
41 67
14 69
42 7
31 92
52 56
79 5
40 12
13 33
85 52
4 76
X
71 32
X
43 37
52 51
69 22
87 49
57 90
X
X
95 14
X
96 45
X
51 25
2 59
78 31
36 86
X
X
64 72
76 28
48 31
X
X
X
7 80
52 91
19 57
81 85
X
X
93 69
X
60 53
X
X
97 67
78 79
X
11 33
28 50
X
X
83 61
65 62
77 24
X
70 44
8 40
X
38 58
X
X
X
X
X
35 49
X
2 86
12 25
67 74
X
54 1
24 6
43 62
12 1
X
53 61
48 50
79 84
X
50 79
28 49
77 51
36 45
35 92
X
24 59
X
24 75
13 59
58 57
11 86
92 70
X
X
X
38 0
64 59
X
1 64
1 48
39 11
X
19 80
X
36 30
X
X
82 48
54 21
X
X
27 58
41 75
8 96
X
31 94
18 62
X
36 88
24 94
57 23
X
X
X
X
0 98
88 53
X
X
27 41
81 48
84 78
X
X
X
X
X
94 70
X
74 92
X
X
14 88
14 7
X
X
X
18 19
X
96 36
98 31
39 45
46 33
47 59
91 44
26 28
71 7
13 40
X
42 24
X
11 69
0 69
67 22
18 5
34 95
X
65 69
8 57
X
X
X
18 65
69 53
X
X
33 38
61 29
X
61 77
41 48
X
X
22 13
X
X
X
X
47 6
X
X
X
X
49 57
X
X
X
X
X
X
X
X
25 84
73 86
X
X
15 77
X
X
71 70
90 17
79 75
87 3
67 70
X
54 83
59 40
X
33 64
80 47
X
35 62
X
29 37
87 52
X
13 77
68 42
X
X
31 86
81 25
50 7
X
X
51 50
92 92 
X
38 33
X
X
X
3 32
23 37
66 34
53 28
X
8 91
30 43
8 12
X
87 46
25 53
13 89
X
81 66
4 50
41 38
X
76 23
X
60 85
X
29 68
56 69
X
4 69
73 16
56 52
X
X
31 32
X
X
5 90
55 82
54 86
X
2 49
94 46
X
X
52 21
80 93
X
48 77
81 96
X
X
X
86 37
46 64
43 53
X
74 21
62 9
18 71
X
X
X
7 4
53 80
X
X
51 86
X
28 58
97 59
X
98 51
X
X
41 10
X
X
X
X
97 43
11 72
82 31
X
57 51
76 66
X
X
X
59 38
90 63
X
77 89
X
X
X
16 92
78 82
17 5
5 97
55 19
86 41
X
X
X
X
90 0
42 78
X
X
63 35
X
20 70
X
28 78
X
23 35
91 16
40 9
X
27 60
84 79
48 45
29 4
X
24 84
18 27
0 15
36 72
60 71
56 9
81 86
64 49
X
95 77
X
X
53 65
95 70
X
87 7
41 57
23 2
X
X
X
X
73 35
93 78
72 89
96 11
48 60
34 41
X
X
27 39
27 64
6 26
X
0 50
76 71
30 15
38 31
98 71
X
94 44
X
X
29 42
X
X
X
X
X
82 20
45 37
98 50
45 43
X
42 63
X
X
X
62 51
X
15 71
73 95
X
68 98
13 23
17 91
X
38 1
X
X
27 90
53 45
X
X
24 26
65 17
56 31
X
95 65
X
11 54
75 21
88 28
X
X
X
85 80
94 55
X
39 68
31 26
X
35 19
65 90
X
X
X
70 95
67 57
5 33
X
33 26
62 88
X
40 60
X
45 40
27 83
75 72
55 46
43 28
X
91 4
97 92
42 95
6 98
X
X
33 18
X
27 78
91 98
87 44
98 78
90 26
0 68
54 38
X
X
53 74
X
5 20
72 72 
45 24
41 92
29 75
88 41
37 66
X
70 32
15 96
5 55
X
67 41
56 33
87 80
X
31 71
X
X
X
80 54
63 7
70 8
10 21
86 54
80 30
86 3
63 38
X
X
50 67
77 21
X
17 16
X
76 78
17 20
X
X
X
X
85 16
22 44
61 53
26 78
98 68
10 17
52 18
93 91
86 53
38 37
6 42
83 67
42 10
X
48 85
79 61
53 17
36 62
X
40 77
X
X
33 87
X
52 73
66 83
X
X
X
X
63 25
X
32 3
83 86
X
61 65
77 17
5 51
X
78 35
1 19
59 71
17 17 
X
X
X
67 63
X
X
27 21
X
X
44 48
X
14 18
58 54
71 34
95 39
94 59
90 70
60 86
X
17 84
9 60
9 67
21 21 
X
19 73
8 30
20 62
X
X
45 82
37 77
43 59
X
X
X
84 65
X
56 87
85 51
X
62 93
37 87
X
44 58
X
X
4 94
15 91
38 68
22 42
27 82
X
3 30
13 87
X
X
X
23 47
X
66 66 
34 88
X
91 34
86 18
12 46
X
X
26 76
30 26
32 2
X
46 18
66 40
56 29
21 29
X
11 59
X
X
X
X
95 78
X
31 93
7 10
26 73
83 26
X
X
91 92
54 90
11 61
26 12
X
X
55 32
12 7
X
39 57
2 0
55 79
44 50
88 83
20 72
X
X
11 56
X
80 92
X
74 22
X
26 41
40 23
33 11
67 81
X
15 53
58 4
X
X
87 43
X
X
53 59
6 90
6 21
X
X
70 80
17 40
X
82 74
83 38
X
29 50
12 6
X
X
43 1
X
69 55
44 96
20 58
