71 136
41 123
45 136
189 128
X
95 159
138 171
144 183
166 56
68 176
90 51
35 75
170 182
103 163
X
118 51
152 171
41 96
40 29
167 29
X
44 119
99 111
157 60
50 114
19 123
146 36
90 1
37 56
74 27
85 143
130 67
55 139
172 138
66 155
90 146
42 41
78 174
62 31
132 63
124 10
14 119
23 184
66 175
155 42
68 35
35 51
89 34
128 188
161 84
40 27
64 1
125 10
194 97
100 193
77 57
125 12
41 162
178 123
78 29
105 190
88 112
139 76
193 189
142 194
122 15
186 90
105 61
81 45
79 125
27 95
16 89
151 166
32 163
98 91
X
106 140
121 120
180 192
87 34
120 14
193 29
31 55
29 139
178 157
5 98
X
4 165
81 141
53 195
192 38
109 31
78 56
19 63
91 51
143 59
17 124
54 125
57 78
92 197
113 99
X
65 175
X
11 166
105 191
187 166
94 194
76 185
38 181
146 191
161 78
121 109
166 83
172 180
99 172
136 141
X
X
52 75
148 18
48 10
189 157
77 56
13 73
161 110
107 182
139 82
30 190
147 181
92 93
134 22
189 165
25 169
18 156
120 130
6 98
197 59
18 5
14 53
X
51 51 
188 117
56 187
99 130
99 28
X
93 85
115 24
167 181
30 163
175 108
88 147
3 95
135 100
36 109
38 27
152 86
155 85
34 138
59 7
126 28
70 18
172 51
96 164
178 158
187 167
88 145
84 17
87 3
40 169
38 196
145 52
X
57 139
196 97
160 135
103 27
49 40
33 154
X
132 131
159 139
47 119
188 143
113 24
139 98
8 153
74 126
147 40
104 147
84 20
127 52
31 94
127 88
142 54
33 96
188 172
125 74
X
167 3
83 71
119 152
5 60
97 16
27 168
115 91
138 72
76 4
93 140
190 73
150 171
91 155
188 8
65 72
51 141
24 12
175 197
95 54
102 147
133 161
143 82
124 113
41 125
70 17
124 129
X
33 98
31 49
106 48
91 122
111 75
183 124
X
152 53
114 175
109 148
53 6
12 89
75 108
83 1
120 129
17 57
155 1
87 58
180 3
34 188
186 141
88 10
95 33
157 139
109 131
192 41
39 16
25 51
138 121
130 25
161 93
83 4
71 194
121 75
91 173
53 194
X
103 72
65 115
196 60
X
158 121
X
66 180
78 37
33 192
X
X
30 29
24 47
167 135
80 49
57 33
19 61
177 138
138 109
46 37
37 144
179 35
143 145
104 142
134 188
23 35
119 187
93 79
130 65
182 179
26 53
144 182
48 170
44 62
190 67
125 47
149 31
195 143
148 170
21 154
5 100
X
5 71
66 77
34 76
143 180
51 27
67 132
190 174
172 40
27 78
X
84 102
121 143
X
62 175
103 160
120 43
176 82
89 1
114 166
10 128
78 149
42 120
37 91
87 99
160 51
49 42
60 155
X
149 29
42 66
161 106
118 92
191 18
20 21
86 105
122 126
79 49
126 1
29 160
27 136
189 160
85 164
81 1
71 89
49 192
54 67
121 10
161 138
192 145
77 12
16 103
147 117
183 181
81 44
32 193
166 172
115 86
33 95
X
133 165
153 30
145 106
18 188
130 192
139 41
64 114
113 150
X
16 53
9 132
187 92
86 143
143 80
99 25
190 41
142 106
73 150
130 30
172 53
175 102
121 108
103 25
173 28
X
57 182
69 56
53 182
146 165
179 29
155 13
34 66
161 94
84 105
57 193
52 77
25 121
98 88
135 175
104 109
X
104 133
56 155
180 38
167 30
114 89
108 84
31 26
X
63 50
10 111
4 94
87 149
54 164
83 73
4 21
157 5
90 123
100 195
35 56
103 153
101 61
22 63
112 186
72 57
85 81
127 87
130 181
151 9
165 176
107 192
10 30
57 74
162 19
88 123
104 92
85 163
129 90
X
X
48 168
138 154
142 31
119 153
98 100
155 192
65 16
140 9
178 95
57 62
26 123
71 40
24 121
95 69
168 74
34 190
175 134
104 33
96 64
18 74
110 58
69 2
131 39
161 134
191 48
92 176
191 86
157 106
17 137
78 60
91 120
X
21 86
23 195
178 131
X
22 138
30 94
93 119
181 30
93 113
158 42
42 36
81 34
125 122
112 120
35 155
126 10
11 142
171 38
152 49
119 70
19 119
170 21
145 22
63 179
2 132
X
153 90
189 100
126 51
100 133
69 71
144 59
194 90
168 41
76 162
76 5
99 149
88 122
194 30
91 118
38 147
63 8
118 105
18 189
155 2
34 136
50 88
104 61
190 50
56 195
170 91
174 164
23 141
191 118
51 173
175 139
175 95
32 51
140 13
X
75 64
94 40
42 37
24 137
10 26
183 105
128 153
123 133
110 85
24 25
6 13
88 53
95 138
78 122
175 94
192 180
174 52
42 87
108 118
7 168
23 14
149 94
113 139
74 32
25 46
75 83
55 195
68 36
X
28 41
155 70
76 107
83 70
70 190
77 54
114 92
81 126
16 93
112 36
142 180
189 167
7 173
108 126
97 80
13 25
X
137 156
187 151
177 27
187 171
140 70
137 70
24 141
10 110
49 84
34 51
158 31
123 56
49 16
185 74
152 90
162 167
54 107
56 157
127 27
106 182
94 192
134 148
31 127
88 8
156 179
158 101
182 38
157 146
132 188
101 154
49 191
164 6
73 6
119 27
108 122
50 195
82 141
91 193
28 125
141 55
138 9
158 5
105 55
X
45 6
168 122
X
138 18
36 147
50 127
143 189
164 82
172 163
29 26
87 101
19 186
31 110
1 161
141 82
169 146
7 112
151 21
143 102
187 68
77 161
140 72
17 67
188 165
85 19
43 156
X
187 158
5 192
172 161
51 22
X
139 16
22 139
137 16
4 42
134 101
24 42
142 90
X
118 81
65 35
171 28
55 24
180 83
76 88
71 39
11 177
120 148
136 70
168 91
48 158
103 142
81 30
75 179
11 154
170 60
38 37
167 86
107 70
18 177
79 39
14 74
106 18
173 188
34 143
162 38
90 54
137 113
136 167
152 135
100 131
14 24
X
8 15
124 179
75 137
17 5
84 93
178 76
147 130
72 135
24 28
71 38
107 119
131 192
138 181
93 89
146 119
54 115
190 115
24 15
27 12
146 146 
126 91
29 121
72 162
56 5
45 7
105 36
33 91
187 172
20 35
93 24
150 76
100 88
20 33
99 19
165 76
160 10
63 116
7 87
178 124
41 17
192 78
70 48
144 103
131 62
X
X
178 37
187 21
143 44
39 87
9 102
179 158
51 34
79 12
34 149
75 178
75 135
159 156
190 68
90 52
100 28
6 49
86 27
30 195
52 124
167 28
29 107
24 87
66 4
104 91
87 19
27 97
106 31
143 148
106 13
3 161
12 103
64 143
118 24
46 39
194 47
191 172
54 136
151 88
27 73
108 55
36 145
129 179
57 24
36 174
58 140
144 150
115 95
69 3
110 160
5 184
158 18
139 176
32 123
137 104
8 46
193 22
148 21
X
86 8
191 126
23 13
6 10
86 56
170 134
88 121
124 132
156 180
104 110
132 127
145 59
58 134
30 91
70 45
160 192
62 159
63 35
55 23
160 106
41 4
183 196
56 166
155 11
80 16
161 18
56 120
34 33
155 72
23 9
149 89
163 82
32 160
47 51
112 110
183 184
180 117
67 33
57 187
159 54
33 6
8 110
73 138
123 105
152 91
167 87
147 161
177 18
103 28
157 153
39 147
94 197
173 33
149 88
167 33
31 6
16 73
30 193
92 62
171 46
X
84 138
9 114
22 83
23 191
30 121
183 185
123 113
126 99
112 112 
193 116
44 161
169 135
75 65
193 20
149 65
176 59
181 184
84 141
93 62
79 31
4 132
86 168
193 96
67 155
196 95
75 1
122 129
50 77
64 73
172 146
130 153
40 62
89 105
136 73
125 57
X
20 148
36 173
55 100
52 51
143 184
183 155
143 123
106 127
194 31
171 21
4 192
84 84 
135 22
46 67
23 84
X
21 153
192 126
184 190
131 165
110 162
11 67
X
134 113
122 123
157 49
160 18
119 140
6 138
193 127
174 155
142 45
182 52
152 182
192 60
104 101
16 55
36 106
111 99
109 113
64 159
34 181
168 48
66 5
71 72
41 142
195 118
X
37 135
136 177
21 5
51 147
126 121
144 33
44 44 
38 30
X
138 94
5 182
181 123
88 102
91 180
156 124
65 46
51 115
109 169
183 179
103 149
76 180
176 80
X
134 42
X
67 159
44 37
87 57
133 147
114 80
3 140
111 168
189 194
4 190
63 163
129 50
147 7
X
105 144
85 34
167 180
142 38
147 91
122 26
135 70
65 177
68 114
190 47
109 35
164 78
123 162
137 149
30 150
100 167
140 154
59 130
44 179
188 39
151 7
139 100
188 18
144 181
186 105
108 113
37 90
53 15
158 60
74 82
109 132
86 59
9 150
135 130
190 35
18 135
34 109
6 48
121 9
158 19
136 150
51 139
27 140
29 41
109 130
110 77
55 117
40 128
15 179
193 93
158 155
51 176
137 138
55 75
97 63
125 11
13 43
133 98
18 125
32 94
110 84
86 154
181 196
104 35
52 170
75 122
104 97
148 90
104 106
27 84
42 44
4 75
77 13
63 156
133 149
190 116
97 69
172 30
125 39
192 31
87 145
182 35
165 155
167 31
188 73
194 48
X
105 31
141 93
51 127
105 187
130 182
71 92
122 14
129 164
162 191
147 134
46 42
140 153
6 137
9 128
52 139
169 121
173 46
14 40
156 62
98 134
89 123
91 112
43 77
170 123
28 121
18 176
14 55
99 134
X
21 155
141 122
125 58
55 101
135 173
X
52 151
34 152
77 120
192 9
4 72
83 46
129 47
171 138
13 56
30 74
31 195
39 171
104 132
8 150
57 22
101 190
174 8
4 76
105 142
X
114 85
117 11
61 1
195 56
21 9
33 152
169 58
64 95
55 110
187 159
108 121
42 65
197 58
X
46 82
167 26
64 191
195 60
50 157
184 37
106 74
51 52
80 14
32 8
16 108
X
164 169
115 167
80 13
120 144
X
93 184
7 110
78 47
156 121
28 170
24 136
88 59
67 72
6 26
193 115
167 178
X
119 191
127 9
36 172
122 121
23 5
172 32
182 2
142 14
52 173
190 106
127 109
191 59
38 42
52 32
X
165 115
78 54
6 30
48 55
67 46
136 74
105 58
15 89
36 169
26 141
169 178
116 178
141 143
27 134
21 27
22 140
146 120
170 74
4 147
171 7
145 64
175 160
14 139
140 10
127 4
142 123
158 120
177 95
100 16
24 115
168 72
193 129
127 124
90 184
104 68
26 194
171 61
11 84
179 50
111 175
41 77
98 159
55 104
139 180
10 132
128 45
29 106
28 98
148 166
159 107
62 8
128 2
67 32
43 181
175 76
97 107
161 117
85 93
103 48
50 164
69 73
102 28
169 30
103 159
51 29
X
13 38
52 195
34 148
41 164
46 69
134 192
163 115
X
26 12
X
29 189
162 11
168 52
187 170
12 14
38 28
179 183
145 197
162 78
145 33
108 187
192 22
157 134
56 110
113 179
157 1
187 90
49 109
76 32
138 92
24 151
174 26
27 81
172 18
17 152
X
86 81
91 156
178 172
27 94
183 154
133 126
145 134
193 180
112 176
135 177
16 177
158 127
13 57
51 167
54 70
65 106
151 6
140 96
56 20
194 115
4 91
32 103
154 142
108 110
90 8
X
171 192
128 67
86 170
73 189
4 131
180 52
136 127
132 100
109 88
88 113
95 85
137 72
194 183
39 18
156 61
12 154
194 49
161 95
4 154
160 191
157 133
42 136
57 179
49 163
41 179
28 147
X
161 174
65 75
137 141
51 195
169 62
158 13
86 193
142 104
17 44
135 122
151 168
40 174
177 123
92 139
X
189 141
180 5
70 50
141 177
78 102
129 71
97 84
33 162
159 171
113 147
175 169
X
X
158 139
106 14
53 54
191 22
95 24
72 88
174 10
192 183
53 187
177 197
51 124
193 195
128 97
158 104
160 139
50 84
129 162
191 188
127 122
28 129
192 30
93 23
15 77
195 57
159 169
127 174
110 122
148 149
3 190
6 23
164 161
43 155
111 170
111 134
107 15
67 133
78 147
86 111
69 4
169 140
137 150
11 92
92 40
161 77
169 19
125 59
107 59
14 42
84 95
138 44
115 52
136 112
7 27
158 33
147 19
44 162
86 121
42 158
45 104
170 183
86 122
191 10
90 145
118 90
17 53
132 169
59 158
104 174
167 177
142 184
4 93
52 167
169 50
81 56
144 188
57 188
X
186 100
130 29
142 29
194 56
67 136
133 130
191 129
54 55
135 126
82 73
22 18
161 83
67 169
64 175
35 77
44 96
13 193
184 136
131 57
123 174
8 73
190 156
20 190
60 1
41 88
44 165
42 160
31 5
186 67
193 114
189 12
89 170
10 142
189 104
X
9 6
148 54
163 106
54 50
22 135
X
173 145
72 93
7 104
138 22
86 192
70 121
131 50
179 184
155 82
134 21
57 77
136 132
165 117
40 76
113 11
53 188
48 106
51 54
181 118
35 135
41 183
63 114
73 147
33 186
142 57
93 138
144 118
125 36
169 60
98 92
151 22
178 35
16 70
55 106
177 109
110 140
116 68
185 143
11 4
112 138
14 48
108 111
90 42
33 123
75 105
88 154
74 34
15 79
64 177
110 101
162 155
79 28
123 90
172 27
174 76
151 18
193 48
9 46
94 190
106 61
168 40
68 117
106 62
98 53
17 47
165 74
29 161
155 3
123 104
183 190
113 12
X
X
77 105
53 190
160 130
130 155
102 107
139 83
175 172
158 4
34 18
100 15
90 43
17 166
152 165
123 129
152 20
92 91
25 84
62 147
126 84
179 76
171 9
106 143
174 146
159 157
83 138
60 58
138 45
166 169
132 38
75 165
105 34
31 115
97 62
122 146
68 134
41 47
116 89
159 8
130 156
186 104
27 96
27 74
117 27
124 121
191 179
52 115
25 86
9 112
53 78
48 52
33 181
4 71
173 160
83 162
165 158
138 119
93 192
163 107
176 109
84 71
19 115
168 161
5 103
42 67
2 192
25 114
20 186
105 25
191 56
33 105
152 54
141 95
63 168
164 4
106 192
183 153
193 82
79 136
43 87
28 134
161 8
57 140
92 140
179 27
106 77
38 53
130 46
5 75
128 31
170 65
51 84
182 122
124 45
93 131
138 98
141 196
102 97
139 104
152 92
9 30
65 104
54 170
50 151
13 26
124 109
68 172
125 133
17 74
156 123
4 77
24 78
128 68
65 120
46 123
8 104
172 188
147 148
98 176
127 50
55 108
180 2
97 15
31 152
115 48
160 14
107 69
181 27
96 156
81 46
143 57
107 17
X
70 125
62 188
135 11
188 137
77 150
7 16
59 156
49 158
159 31
6 60
4 121
25 52
80 77
156 122
61 189
186 106
160 137
104 59
23 12
184 141
X
134 191
136 108
31 120
183 30
159 153
16 191
61 155
161 137
57 191
42 179
56 58
146 145
103 49
62 177
16 119
9 84
98 149
87 7
147 114
172 47
25 125
21 28
169 27
176 81
138 122
18 134
98 167
159 104
107 13
135 140
X
110 39
X
145 57
156 8
143 81
186 156
6 140
18 133
140 14
103 164
90 183
186 167
55 146
164 85
183 31
109 77
161 13
160 169
81 49
106 142
130 154
65 14
40 148
6 154
25 139
98 19
78 127
68 49
171 33
158 15
9 99
X
150 181
52 67
127 111
192 156
174 156
148 57
95 99
187 136
49 47
X
X
50 79
173 195
105 161
126 2
120 195
56 167
25 65
31 50
23 41
110 178
103 161
13 191
24 181
38 44
116 10
52 68
193 118
92 89
87 83
188 76
132 156
96 50
34 106
34 195
139 164
31 160
66 72
194 86
66 73
161 31
177 81
63 48
X
13 90
45 105
52 187
13 11
157 143
37 137
193 186
160 133
78 100
183 104
67 158
8 62
35 108
181 2
139 103
158 56
76 34
126 46
90 173
192 14
175 162
51 163
51 30
119 47
141 176
192 86
50 55
14 108
68 45
98 67
75 7
165 60
44 76
24 165
193 18
26 119
X
52 144
143 55
116 47
54 126
87 32
12 11
192 5
30 73
52 191
120 158
190 77
49 27
171 183
78 83
X
110 18
31 124
25 123
37 181
147 75
182 190
143 95
142 36
56 171
145 115
50 74
80 142
85 21
18 174
194 79
84 72
17 9
72 186
20 166
37 147
X
55 166
X
173 21
19 191
141 144
51 119
67 131
193 178
159 33
3 179
187 88
88 190
92 174
188 88
38 91
166 152
90 190
168 119
99 110
169 197
75 160
55 144
100 176
190 79
179 71
142 197
12 176
81 55
20 188
52 47
42 128
126 49
94 41
7 52
143 190
89 57
33 103
7 117
115 53
102 70
112 147
53 5
148 53
184 196
140 155
40 31
25 42
146 114
96 69
X
192 178
165 116
81 60
21 83
162 93
185 136
10 112
31 123
90 182
7 10
83 90
85 101
25 45
61 14
190 119
71 147
87 109
92 184
117 89
152 176
141 70
134 74
56 83
53 88
137 145
159 167
130 179
34 185
41 50
124 67
103 24
100 7
8 149
148 168
125 120
63 162
151 164
92 189
175 82
17 122
171 181
41 48
55 15
164 58
154 144
89 109
193 46
84 86
138 162
4 139
X
54 139
103 182
12 74
74 80
18 121
X
71 3
78 36
124 180
X
93 84
147 143
73 67
120 184
5 25
63 143
X
13 44
119 108
57 194
20 36
121 79
77 55
93 122
65 117
175 104
127 170
148 104
152 43
89 154
126 68
33 31
152 183
49 2
36 55
29 32
38 184
132 165
169 191
67 137
9 101
175 168
101 111
88 196
99 100
165 196
74 87
193 97
122 74
119 163
192 174
125 67
46 65
46 104
92 53
135 18
52 78
13 88
154 143
X
45 36
194 80
167 4
168 176
2 176
55 113
175 8
93 108
139 184
104 172
177 168
121 144
1 93
141 175
159 105
129 1
76 146
179 119
91 184
X
192 90
53 124
186 171
154 104
X
167 6
163 96
X
28 42
188 68
149 93
143 33
76 145
109 121
165 82
23 193
125 71
84 76
61 146
187 165
154 70
154 92
88 27
24 79
112 119
162 96
145 36
X
43 124
X
34 147
16 68
9 26
45 157
92 138
12 181
38 39
65 171
188 175
54 75
110 111
148 171
X
164 5
33 54
13 15
68 37
42 40
176 197
8 26
98 31
176 130
91 110
38 40
112 101
127 35
129 67
176 76
96 166
171 106
102 98
55 181
138 110
102 89
51 137
38 115
192 18
189 68
174 197
49 86
117 9
107 121
181 117
106 64
16 44
96 30
60 127
64 121
71 189
30 160
53 181
29 188
66 121
169 145
70 128
101 5
137 171
162 123
48 47
176 118
85 161
114 83
63 51
77 151
13 93
163 78
63 178
146 118
133 164
7 58
36 185
67 102
10 51
51 23
1 40
42 19
139 105
194 50
50 190
143 188
164 159
146 144
17 174
73 194
75 32
94 91
162 42
77 180
21 8
X
177 140
16 46
23 134
124 89
57 83
73 188
79 179
166 135
129 23
59 128
143 147
46 85
188 154
9 131
66 172
61 147
138 19
169 139
86 10
175 194
10 87
33 127
105 164
103 92
155 180
132 115
76 31
8 154
56 169
19 153
180 50
78 105
156 154
69 103
178 16
189 19
23 36
32 155
12 146
136 105
103 50
151 137
191 177
57 106
141 52
112 188
103 51
60 59
41 2
143 29
124 84
167 182
128 30
189 22
159 18
X
X
188 41
11 10
28 13
137 174
54 151
52 20
X
6 139
38 182
107 85
176 146
56 151
100 175
51 194
90 196
55 52
84 88
170 110
X
76 189
65 49
98 174
130 3
6 27
71 74
53 173
169 59
136 123
X
68 136
61 130
151 171
158 107
96 67
19 5
64 155
158 29
X
155 190
186 73
69 86
146 122
111 167
150 185
106 55
59 1
11 2
137 22
144 180
193 193 
43 85
64 189
147 93
94 67
43 46
57 87
48 108
26 120
146 52
22 60
148 68
159 40
130 62
94 43
188 14
117 6
77 157
93 129
171 11
66 3
6 11
12 147
112 179
145 150
97 82
56 113
64 163
103 47
X
109 157
97 108
39 142
121 186
25 129
82 44
45 41
68 120
52 86
70 44
157 194
65 36
146 56
135 77
159 52
137 154
69 72
105 60
70 6
186 103
78 48
157 12
158 153
25 165
148 131
71 138
44 47
5 141
160 120
167 61
92 69
35 184
68 60
113 10
X
142 30
181 5
99 157
69 121
155 49
X
126 174
X
145 68
135 123
13 54
96 54
34 65
178 69
76 89
62 145
29 148
X
127 97
56 60
41 192
150 20
3 178
63 147
109 100
143 195
5 186
44 124
149 6
188 106
85 105
34 26
195 187
103 112
70 40
83 164
91 23
147 170
103 180
174 160
42 96
123 151
16 154
136 91
50 158
68 193
47 50
X
150 19
122 76
83 48
177 170
149 64
49 30
148 78
11 149
X
167 192
59 85
154 180
123 13
52 157
158 8
68 44
32 125
154 90
106 76
35 154
168 135
127 13
91 130
26 139
65 71
128 183
118 162
123 161
11 69
39 67
31 190
70 166
156 144
187 168
38 126
143 39
180 76
150 158
169 76
66 182
29 115
20 152
177 72
111 179
189 193
185 155
137 119
189 80
175 109
12 141
91 62
178 18
157 71
42 39
41 62
93 136
X
56 152
54 173
151 29
128 100
67 172
133 105
173 26
169 110
61 15
154 86
39 15
131 188
89 149
6 22
133 132
69 102
155 101
118 80
84 19
76 160
193 90
81 125
88 99
133 128
137 75
191 90
6 58
79 161
127 175
23 63
95 100
51 120
178 121
162 192
165 4
44 77
92 43
101 19
75 119
35 110
29 98
34 49
183 143
81 29
153 37
125 97
79 178
125 27
171 178
111 110
16 104
66 35
39 17
89 10
63 93
141 161
11 139
40 63
182 138
65 77
187 22
170 39
125 23
32 31
53 14
4 133
143 66
64 116
74 189
56 87
143 197
47 53
190 14
156 68
16 90
61 95
123 23
139 74
193 32
91 197
28 150
42 133
126 109
102 8
53 87
15 69
49 10
162 124
71 146
173 197
84 98
132 126
X
188 35
39 36
99 108
194 93
144 64
136 171
173 162
148 105
36 73
72 66
192 186
172 49
106 15
121 13
8 75
85 33
78 161
179 102
39 41
54 106
53 150
129 31
161 29
133 42
130 52
1 162
105 73
48 163
99 98
4 118
9 2
120 122
138 70
22 28
100 19
77 29
X
88 105
65 118
75 63
31 170
171 188
124 97
106 162
8 72
185 151
158 130
74 59
183 106
102 175
94 79
94 90
119 57
75 175
164 173
118 68
X
17 125
145 145 
25 49
172 52
162 152
106 187
3 39
98 111
125 35
14 115
7 71
177 132
152 169
126 97
X
146 123
11 176
117 25
190 101
158 194
126 50
90 101
4 174
115 47
10 27
128 38
140 77
150 77
158 63
116 28
15 57
68 182
63 3
112 39
69 8
154 103
139 70
74 81
180 154
158 39
74 30
128 4
160 74
10 114
162 41
50 125
36 77
38 49
112 142
116 163
6 186
187 138
1 43
79 29
162 195
120 124
70 19
56 190
197 57
42 15
154 56
145 143
52 90
94 189
55 168
37 76
142 103
177 142
170 135
135 103
145 131
4 137
93 22
164 170
148 75
157 68
6 146
179 62
120 161
92 182
195 4
137 9
179 61
102 108
23 192
67 40
68 181
117 186
5 172
81 2
59 6
178 30
193 174
28 116
12 133
139 81
88 69
41 160
15 27
56 79
169 101
180 180 
X
120 69
71 148
12 76
21 102
179 77
81 48
122 60
25 40
160 52
37 73
170 138
134 98
11 178
173 47
71 90
170 87
165 180
101 63
7 46
120 151
8 100
55 180
136 170
159 93
94 32
40 86
160 13
90 104
138 96
67 161
49 18
172 107
188 170
146 130
154 93
149 18
70 93
176 91
37 138
170 31
6 71
60 88
81 143
139 94
73 192
168 178
98 51
132 104
69 138
151 170
47 54
108 125
54 163
28 52
7 171
152 137
120 131
189 174
47 49
51 50
179 59
7 77
78 38
121 193
154 82
111 171
41 143
30 75
64 7
X
133 160
138 182
66 16
15 115
143 42
56 6
34 54
17 168
76 49
121 42
152 39
41 30
30 47
186 172
49 106
182 25
93 118
105 152
87 20
X
179 92
58 139
13 53
118 191
16 137
53 171
20 187
124 149
172 108
94 62
81 90
108 39
152 50
53 141
140 75
79 73
167 158
192 35
54 187
72 6
87 35
28 44
28 46
37 54
95 23
160 11
122 10
194 87
87 59
107 35
43 112
130 2
68 168
3 163
X
77 32
X
62 190
138 16
106 63
X
53 136
154 146
3 185
102 92
119 104
123 153
52 163
188 156
38 185
122 111
41 74
148 162
184 139
61 182
153 29
16 155
12 2
144 102
191 41
11 168
152 22
19 6
32 91
159 63
52 70
55 171
79 119
165 77
14 27
108 171
65 103
134 110
184 27
X
188 91
31 125
183 50
162 115
56 136
14 57
4 117
195 97
153 181
18 116
X
72 150
143 68
14 117
135 75
X
130 28
35 20
108 123
84 68
185 73
158 38
46 41
125 148
52 114
93 91
183 35
143 31
172 162
14 193
23 8
118 193
3 133
46 66
42 50
76 174
195 113
67 171
172 110
181 92
87 82
94 30
21 147
60 83
12 104
120 67
195 115
124 99
135 98
148 134
104 49
49 193
19 188
31 91
137 101
190 74
165 179
81 32
51 32
178 62
89 145
129 91
104 112
120 191
102 88
173 62
31 155
70 57
24 134
151 181
69 119
157 124
64 72
67 182
131 42
42 183
29 187
189 21
134 56
122 112
101 195
190 18
136 71
130 191
142 33
22 16
160 194
43 66
X
179 19
74 161
111 100
183 39
18 180
176 62
9 154
84 94
80 29
151 169
60 86
16 51
62 130
38 169
131 156
141 162
68 191
13 77
118 167
77 39
55 119
147 166
135 72
195 129
70 127
51 20
53 113
135 132
83 88
54 102
105 57
194 88
20 9
127 119
X
155 53
28 114
117 8
166 183
145 102
66 178
53 163
69 168
147 88
166 161
13 139
87 119
125 51
35 152
129 153
24 117
157 192
156 190
116 140
85 137
120 11
116 143
21 32
130 24
52 127
121 146
36 146
176 97
158 2
79 32
192 52
192 115
130 71
101 28
25 150
91 1
153 28
55 188
85 82
33 55
182 90
24 124
28 27
182 118
131 52
119 43
147 164
164 86
122 29
94 133
73 86
87 93
160 33
169 29
52 69
176 117
58 135
95 14
155 9
24 116
104 47
72 59
71 150
106 73
78 16
144 54
28 28 
166 153
53 140
172 38
97 190
X
75 121
28 127
179 58
173 31
X
86 119
126 4
64 14
4 176
53 174
X
130 64
124 56
183 178
120 120 
151 43
71 132
113 138
42 86
52 76
156 72
172 12
X
152 21
36 56
43 162
182 29
170 143
33 63
121 59
62 60
42 10
64 180
176 18
10 153
191 88
59 161
82 138
88 101
44 74
92 118
42 135
170 28
78 126
90 154
6 77
89 35
64 190
X
167 88
25 151
142 150
153 52
56 89
6 12
151 31
122 144
126 71
191 46
15 42
6 24
64 71
93 69
20 122
167 183
26 40
178 170
153 171
75 66
194 179
169 100
X
162 37
78 108
168 102
58 83
165 56
161 170
41 44
162 130
186 65
105 153
49 166
117 95
149 8
146 21
29 186
184 192
175 78
166 171
88 4
172 106
X
X
138 183
33 30
196 96
41 155
159 174
125 119
122 130
116 53
X
70 36
31 107
52 166
28 124
100 111
62 143
78 58
138 161
80 46
102 69
157 15
15 48
11 93
171 146
100 166
142 102
98 148
138 111
77 14
73 56
46 43
X
160 55
131 40
110 57
78 146
137 177
40 36
42 5
110 138
148 52
142 105
99 164
49 17
90 148
77 49
39 70
158 61
54 44
48 164
193 50
154 95
28 123
120 108
53 179
181 90
97 189
151 16
130 161
53 154
74 160
144 31
63 169
70 102
41 98
27 87
117 144
153 95
56 68
40 115
76 45
X
172 46
125 113
83 81
24 17
64 3
152 28
121 126
187 140
64 2
159 13
65 8
145 30
79 76
193 188
53 180
45 65
51 80
191 58
101 108
85 68
161 136
162 190
100 24
62 15
190 118
87 81
106 144
51 158
34 73
23 42
105 51
X
129 51
136 24
141 9
127 39
178 78
36 181
52 158
73 88
67 121
154 136
45 110
95 139
41 5
98 8
X
74 31
119 151
X
113 27
177 130
79 60
48 156
X
107 58
75 109
X
118 84
68 180
27 75
93 183
152 31
9 50
160 190
183 177
189 126
41 194
154 37
172 178
78 98
94 42
34 56
17 76
114 90
123 171
15 26
38 36
X
83 143
4 146
109 73
140 160
41 27
174 28
100 165
111 73
103 162
114 93
51 28
124 80
141 119
99 5
156 15
180 91
166 168
129 165
86 108
34 192
25 41
175 130
126 24
53 191
26 168
162 15
108 88
88 97
16 175
39 175
190 51
152 95
95 79
67 49
44 50
133 141
118 70
34 189
53 176
28 168
126 35
99 154
141 197
61 177
X
183 48
15 191
1 176
185 77
136 89
117 93
24 129
132 168
26 170
110 189
73 191
28 14
150 160
156 120
124 133
79 75
14 191
97 159
102 91
171 122
67 105
126 129
92 120
63 180
104 164
1 22
X
54 40
122 154
130 1
128 91
144 143
102 106
127 11
183 136
134 19
134 146
124 86
85 162
2 130
98 30
172 28
9 98
194 186
121 185
167 161
110 177
22 34
113 149
159 110
43 44
79 54
19 156
37 173
180 190
150 17
32 63
22 150
30 66
139 11
7 98
73 193
173 194
X
171 189
53 127
162 127
142 181
144 197
72 63
21 6
73 152
61 162
194 119
80 39
152 17
15 106
178 133
139 72
27 127
57 119
50 18
173 190
94 92
X
143 96
4 149
167 46
147 37
71 191
139 9
25 44
41 29
127 10
143 83
105 182
114 10
121 129
X
150 90
132 191
71 104
8 114
38 56
127 71
102 172
X
X
32 171
183 49
53 29
179 70
51 74
166 88
131 159
141 40
63 160
20 119
68 72
45 86
36 20
152 56
141 184
84 28
86 197
117 167
188 89
181 108
157 14
74 3
9 11
30 148
16 105
25 127
93 123
166 6
67 168
97 156
179 51
142 42
12 3
34 27
86 158
151 8
21 104
88 125
X
X
8 120
44 36
90 193
115 49
142 40
77 46
107 181
87 68
171 191
85 27
106 179
192 32
183 25
32 54
5 26
25 43
26 79
165 6
24 119
93 197
190 78
175 93
101 149
32 170
138 152
89 56
91 129
53 41
161 30
107 124
119 143
188 40
84 101
15 51
5 58
158 41
14 141
69 40
74 1
91 121
110 188
182 27
45 134
156 155
81 128
35 105
X
169 106
168 120
125 183
114 91
175 92
147 9
X
74 136
61 93
120 147
110 169
125 38
148 64
47 120
50 30
69 60
35 54
90 7
160 167
159 155
128 52
50 44
171 139
28 15
146 77
X
126 125
117 39
56 179
41 157
140 80
62 95
X
29 45
107 123
38 69
74 97
16 67
17 56
42 82
57 192
3 41
98 108
7 11
55 53
78 49
145 116
103 64
122 109
48 167
176 168
193 117
117 40
11 89
129 45
150 169
185 89
79 137
102 60
130 188
134 23
156 105
110 59
68 192
35 103
73 166
56 70
193 183
134 71
149 92
52 164
102 7
135 128
28 45
14 130
189 35
37 77
65 168
176 58
13 70
137 114
33 160
175 9
117 184
134 138
188 120
69 132
136 119
182 109
177 62
129 192
144 57
142 143
30 103
188 100
10 146
56 36
11 88
164 118
96 97
166 104
25 67
162 39
51 47
174 77
124 74
159 38
68 139
177 94
76 39
63 115
188 157
74 157
120 37
1 91
160 15
148 93
114 163
53 100
126 176
92 51
45 44
11 37
158 10
88 158
122 124
106 39
34 63
121 38
64 172
146 40
X
29 141
141 10
107 88
84 30
182 92
187 139
119 186
63 159
179 82
179 30
126 48
51 144
111 113
53 90
168 188
23 17
74 56
196 183
11 78
148 9
180 119
39 91
56 165
65 102
17 72
171 53
56 3
26 118
170 90
89 2
142 119
86 190
X
188 10
27 125
138 112
167 27
164 59
78 150
151 165
51 138
130 68
62 58
31 174
39 19
71 152
2 131
182 30
16 116
177 28
155 8
4 164
X
23 185
169 188
181 179
155 144
108 160
104 38
43 135
121 41
62 182
146 23
11 128
29 146
X
125 100
70 20
112 35
87 1
137 14
104 36
94 31
44 10
121 154
63 171
38 114
109 98
11 68
32 186
145 118
5 62
44 135
67 163
68 179
39 116
46 36
124 23
72 188
167 32
170 106
78 107
17 43
100 134
20 102
42 125
195 127
168 56
169 107
21 150
135 9
14 188
26 195
110 130
86 29
85 30
105 179
29 137
132 113
95 140
30 146
55 54
55 163
22 152
143 144
167 190
8 98
178 27
31 105
16 178
128 89
159 133
188 11
54 36
56 108
165 86
74 159
67 116
193 187
150 118
194 32
135 113
94 193
15 72
74 33
X
27 137
165 177
105 127
136 72
135 20
77 80
126 132
123 107
179 83
41 36
114 28
150 88
57 73
21 100
20 63
147 182
3 172
29 105
121 74
163 152
55 78
79 1
104 24
22 32
191 193
187 137
53 21
191 57
151 176
103 176
15 192
13 89
93 25
12 153
52 126
40 161
167 195
121 133
144 105
32 19
50 150
183 186
180 155
X
60 163
49 44
74 63
20 153
113 141
8 59
174 29
33 51
76 37
18 73
51 18
155 14
X
26 185
102 71
137 98
21 87
33 7
125 89
44 123
148 56
147 54
29 6
X
31 66
41 6
118 83
76 1
178 122
72 166
71 106
195 119
102 68
179 185
182 91
120 56
157 57
133 111
192 181
93 112
154 145
27 98
105 186
29 118
87 162
172 31
17 123
52 117
30 87
31 192
38 66
148 165
102 6
167 197
77 15
194 144
66 14
139 89
178 92
121 15
112 122
66 40
114 95
66 17
123 86
80 32
179 54
187 104
X
122 125
159 76
137 155
15 76
94 195
54 78
141 150
38 124
180 191
82 74
40 164
X
48 2
169 102
184 142
17 7
122 104
168 123
46 2
89 54
110 142
34 64
132 171
87 97
180 72
25 136
14 38
172 50
95 137
28 128
166 154
X
179 60
138 93
104 162
12 149
174 157
87 164
28 148
128 37
76 48
72 139
75 185
122 23
112 33
80 36
103 158
24 20
139 156
191 60
33 187
98 33
96 32
17 55
4 152
49 28
109 167
144 106
13 132
X
12 105
32 56
46 108
16 106
147 159
147 64
123 154
178 154
71 37
105 154
159 74
25 181
X
103 111
64 144
4 162
3 137
38 112
105 97
84 74
102 72
61 13
83 72
102 176
43 137
55 70
79 46
125 60
65 1
118 95
134 38
55 21
163 108
110 32
179 17
46 40
67 134
152 51
17 119
69 105
56 118
192 170
X
92 177
165 89
81 27
X
185 167
51 55
92 133
25 191
23 167
141 81
137 13
40 37
95 13
126 131
138 89
88 35
8 84
60 61
163 155
187 156
55 42
62 3
183 192
57 181
2 93
70 46
178 58
41 31
138 169
65 11
81 86
152 133
162 153
158 50
188 66
36 104
88 189
105 68
121 78
86 28
150 31
188 160
193 4
101 17
X
88 168
53 47
15 176
5 171
75 147
168 63
42 155
118 85
184 28
80 73
108 73
26 193
177 70
12 151
172 39
51 90
69 194
121 77
139 91
X
1 39
128 63
54 108
189 192
13 72
145 191
145 114
154 101
X
89 158
103 143
150 75
16 80
33 163
71 56
194 180
43 133
X
189 120
150 117
114 179
158 137
190 178
159 42
180 39
24 139
112 118
52 14
81 59
32 187
26 42
168 61
74 4
147 89
116 51
126 39
X
19 103
49 43
69 36
106 49
68 178
180 81
168 197
X
92 41
23 24
111 149
108 157
75 133
13 128
94 93
191 186
192 159
77 145
X
29 150
17 26
101 176
165 88
182 101
124 110
104 182
X
138 20
56 73
48 50
104 111
115 163
163 75
42 48
134 73
86 21
X
70 126
45 9
179 28
122 162
195 32
90 53
7 146
153 84
139 101
119 154
151 180
131 55
183 142
185 76
194 52
134 76
145 20
40 15
16 71
109 187
20 167
28 171
125 145
70 3
122 133
95 97
126 47
50 192
179 105
152 55
109 171
131 65
5 29
161 42
153 179
30 33
66 15
186 102
78 180
86 195
185 91
128 191
33 195
91 64
X
86 102
156 63
11 180
29 5
84 143
X
61 156
141 147
189 65
136 148
59 129
175 163
14 80
76 46
4 26
112 38
66 13
105 49
76 83
X
154 94
10 52
13 36
176 79
49 150
178 4
72 194
101 130
164 56
161 38
189 106
68 194
30 27
169 103
159 173
97 112
43 126
X
183 183 
22 26
40 162
150 28
22 5
74 29
154 91
74 83
79 77
151 182
59 3
71 88
111 76
28 12
161 195
36 49
52 150
98 68
132 170
117 70
125 149
136 144
67 139
176 138
119 24
21 26
159 96
125 123
48 169
13 177
78 151
51 21
15 25
104 123
104 131
85 157
168 75
108 19
162 118
108 124
39 143
157 135
91 4
169 32
192 40
5 149
53 4
101 191
55 147
42 166
163 169
176 172
X
170 26
180 157
34 184
28 74
141 90
10 165
87 84
124 68
92 137
65 121
54 47
119 193
140 173
36 105
83 3
126 100
23 21
192 29
162 74
148 133
156 194
134 126
103 88
104 108
141 89
77 121
6 132
147 171
123 26
177 117
90 158
124 108
4 41
140 41
46 83
26 78
14 140
190 104
148 106
99 88
52 141
135 171
X
132 98
188 151
40 144
78 27
125 79
181 121
103 147
146 143
157 72
41 84
102 99
X
36 75
118 91
67 157
8 151
43 74
67 180
88 109
X
122 25
15 133
55 55 
97 194
11 11 
88 149
37 171
41 19
155 68
167 91
122 13
56 139
161 85
60 8
90 194
64 96
7 60
42 124
7 113
168 132
163 93
121 142
96 167
84 140
35 181
67 162
15 190
54 52
31 109
64 5
81 54
39 146
139 14
166 167
53 23
178 168
25 185
34 107
183 123
79 74
45 137
194 82
62 180
178 169
8 76
41 193
39 44
X
88 9
44 113
77 16
70 56
69 170
116 12
163 116
99 158
177 93
144 148
79 27
149 78
6 123
123 91
68 57
119 50
49 3
169 20
85 73
47 104
18 123
71 4
31 87
32 108
9 88
96 33
136 18
104 175
53 44
141 92
115 175
119 195
93 65
181 124
12 73
97 157
143 41
100 14
64 4
65 6
189 143
24 138
57 118
29 28
55 18
128 24
125 91
194 89
74 163
76 157
53 85
22 68
190 168
83 163
151 37
99 26
79 157
43 62
91 40
6 183
93 80
55 47
81 47
17 51
172 179
106 124
192 189
179 79
171 26
186 66
135 139
88 32
53 36
86 9
24 46
79 122
5 130
46 106
47 48
100 91
24 123
99 113
50 80
30 105
68 115
159 170
25 68
X
149 118
63 1
174 27
102 173
27 42
X
167 188
71 87
154 89
108 72
45 67
124 85
159 10
70 72
34 187
170 33
X
136 131
145 196
54 110
55 155
63 182
38 192
146 105
127 176
124 71
74 89
54 20
91 131
38 62
113 9
191 78
193 2
196 93
9 130
48 165
55 187
56 135
89 101
193 194
72 125
X
146 166
7 62
108 77
69 74
23 33
10 2
140 152
162 174
56 192
136 103
33 5
28 79
70 8
13 52
43 183
110 14
43 127
74 96
190 172
70 194
69 16
27 114
104 89
113 175
191 2
192 46
177 145
119 162
22 104
21 34
192 143
38 144
142 59
29 40
X
23 60
29 116
148 158
55 175
86 161
18 169
74 100
131 112
58 59
14 131
84 75
48 171
62 61
162 82
151 177
188 167
192 2
184 143
172 109
157 195
8 147
102 152
36 54
76 102
47 110
171 75
102 134
107 60
110 17
127 90
158 3
107 31
50 113
100 154
27 138
79 30
45 108
51 24
110 55
183 53
80 27
161 86
14 179
X
14 102
141 59
108 74
84 161
182 104
138 177
162 121
105 101
177 20
22 137
26 83
149 28
20 32
54 3
81 136
66 2
104 152
X
116 8
12 150
168 133
161 116
10 6
130 189
165 174
155 12
9 168
X
76 27
157 193
137 152
109 59
147 162
184 191
91 89
41 156
175 133
168 159
122 56
40 142
12 148
193 78
50 75
27 53
51 33
128 23
31 108
3 21
118 140
148 103
194 78
179 122
X
79 129
17 77
56 114
149 90
96 100
77 122
133 140
13 131
159 95
13 10
10 168
126 179
14 129
66 37
63 11
112 134
106 50
64 76
31 119
175 97
6 130
36 139
108 167
X
172 192
75 131
141 76
31 8
99 153
49 8
X
42 74
45 5
20 116
56 85
126 3
97 33
166 2
55 145
93 107
183 103
64 75
41 145
173 142
175 164
64 35
57 89
189 130
38 68
79 159
94 64
24 81
114 164
72 152
168 121
X
131 115
55 67
168 38
55 33
11 77
6 25
3 139
157 105
63 145
99 12
107 68
118 194
X
151 134
123 170
87 2
81 89
17 78
24 114
160 78
112 150
38 31
54 171
141 160
X
175 170
138 11
100 172
152 88
37 88
27 76
52 125
98 189
54 113
50 187
146 149
48 104
194 46
X
187 143
40 74
91 133
108 59
141 174
157 11
189 77
141 164
X
154 49
101 27
160 19
148 143
169 132
17 167
X
152 57
X
5 59
72 60
117 162
33 29
193 59
X
77 34
59 62
141 173
132 159
X
154 72
154 102
138 180
47 47 
164 74
87 163
117 91
50 115
131 153
144 184
189 14
5 151
66 114
62 1
39 173
29 74
175 161
66 12
192 171
130 63
5 154
23 83
172 33
137 95
63 158
191 115
12 67
103 60
111 122
148 55
127 123
43 3
97 110
138 170
102 17
5 119
123 57
180 48
51 43
143 64
130 23
166 91
71 134
13 24
6 141
54 68
160 12
136 146
124 176
52 147
36 107
125 129
67 135
170 146
139 96
114 24
8 71
160 50
172 142
8 58
17 179
X
X
22 9
4 120
148 164
177 139
160 60
55 40
79 16
74 98
39 112
16 107
57 76
X
10 47
181 71
108 31
154 43
10 89
66 75
160 53
178 83
176 134
43 48
125 52
51 113
108 170
18 165
30 26
61 181
70 70 
160 31
143 65
150 161
181 101
168 28
87 125
110 157
91 3
25 66
181 72
X
123 172
32 17
40 194
120 104
161 167
41 195
39 128
133 150
23 65
120 146
86 101
56 84
5 193
39 39 
49 4
164 158
24 127
164 2
77 27
4 39
134 170
25 53
150 95
107 87
52 30
151 41
158 124
2 39
125 170
1 25
87 192
52 136
165 87
3 182
37 169
61 4
146 17
13 40
191 165
56 62
65 169
68 56
5 178
74 188
168 62
161 118
44 95
154 133
172 160
100 13
159 168
71 162
76 86
141 72
80 58
124 182
167 189
155 86
163 172
166 85
23 86
46 64
101 172
56 59
X
7 88
85 57
64 77
182 48
84 137
68 16
69 70
120 121
89 120
X
96 68
176 83
22 134
103 124
77 83
157 3
194 60
44 86
41 180
118 69
X
X
88 170
19 169
49 54
53 115
29 114
91 189
180 105
14 128
101 62
191 39
163 74
111 138
165 178
107 86
16 24
27 116
147 118
147 67
66 74
123 110
40 77
14 67
182 39
166 4
80 56
179 108
118 39
118 41
170 76
179 104
14 142
106 123
22 141
125 147
130 4
29 119
83 83 
X
109 118
6 133
128 35
51 136
110 147
141 195
170 41
173 61
36 17
41 95
141 180
160 49
X
150 21
49 15
41 70
193 130
87 27
168 160
23 182
141 145
123 160
45 135
135 150
130 27
52 102
64 93
176 154
142 94
186 88
169 51
98 5
168 134
77 59
156 49
171 48
34 155
82 88
56 75
123 10
148 145
29 190
195 142
32 89
17 180
24 68
X
46 44
51 154
69 171
124 124 
107 74
55 179
32 127
78 129
131 114
184 194
152 37
X
53 7
181 186
195 117
52 155
85 95
53 118
107 187
66 179
195 128
7 75
142 15
126 45
77 188
153 82
136 129
X
66 7
91 182
127 67
180 195
154 57
27 172
116 144
147 158
156 57
94 89
38 87
48 166
190 75
X
137 146
61 192
96 63
X
54 147
135 120
191 166
17 188
13 133
69 89
123 175
22 36
42 17
44 49
59 58
150 180
128 47
105 71
109 86
103 141
33 182
88 114
176 19
150 115
68 119
126 170
X
6 62
123 176
42 123
35 153
51 146
183 102
79 177
119 145
112 111
X
190 65
110 98
171 10
72 147
151 136
76 91
180 158
159 124
59 163
111 147
33 161
104 134
148 88
126 119
26 80
114 12
85 58
8 13
18 175
134 54
4 119
18 115
115 12
127 8
173 6
122 78
18 186
155 193
10 113
23 26
137 173
52 135
3 184
67 160
84 96
165 90
12 108
98 164
44 163
124 47
109 163
151 95
181 83
37 175
83 86
40 70
26 51
28 94
165 172
180 177
76 176
134 105
169 46
169 18
87 56
3 43
197 180
89 33
72 56
66 116
103 152
152 82
59 5
104 31
46 62
110 31
33 184
161 169
29 136
144 119
195 5
75 86
51 171
145 19
192 172
56 168
55 73
105 56
131 41
128 190
170 178
145 188
193 192
8 30
4 148
123 121
87 155
171 20
157 9
147 102
49 153
16 174
32 152
99 176
120 41
8 168
96 81
85 155
73 148
13 47
120 39
57 190
122 85
167 60
18 179
85 154
29 110
X
170 89
122 151
98 173
X
121 43
X
12 132
134 168
X
55 17
52 36
85 84
149 166
181 102
101 92
83 161
98 90
54 14
31 7
156 196
53 3
90 10
175 158
195 130
41 86
13 178
96 165
133 56
139 45
4 95
166 158
90 147
4 161
157 137
133 103
X
69 50
74 91
20 118
92 112
85 59
107 72
59 83
X
169 181
140 156
177 26
7 30
138 173
54 158
161 15
132 163
X
130 50
71 71 
57 107
16 156
137 148
36 103
56 88
145 67
45 106
130 31
70 91
51 14
134 100
96 79
139 174
187 102
103 126
134 77
49 188
171 123
94 69
105 189
191 52
X
25 78
33 49
92 109
152 41
X
3 130
176 17
73 93
121 194
31 97
112 175
70 165
127 89
63 128
69 106
116 67
83 2
135 144
88 7
153 86
61 143
186 138
79 2
X
161 127
56 137
133 40
63 188
74 139
79 3
132 128
94 85
72 187
X
182 93
146 78
43 82
193 146
63 172
112 113
30 32
190 66
160 110
158 129
127 173
158 62
117 53
128 154
81 58
49 85
137 20
137 12
194 95
102 19
162 154
132 99
X
92 54
79 121
161 124
90 192
54 157
69 6
74 158
17 80
6 51
71 73
10 154
134 99
28 80
93 181
X
75 98
111 98
23 34
90 180
53 27
82 90
40 87
81 140
165 91
140 180
118 192
136 75
8 77
127 100
55 74
29 94
X
90 105
38 50
125 124
193 60
147 36
168 39
106 17
129 188
181 96
155 191
133 38
122 28
X
146 18
75 29
39 65
169 192
138 41
13 176
88 94
22 101
51 140
146 150
128 179
X
191 87
100 152
93 121
177 144
44 155
42 43
27 49
128 3
147 22
12 139
36 175
109 99
52 171
42 63
130 69
185 75
102 24
86 68
163 94
70 59
177 76
171 51
155 4
195 183
25 83
155 84
154 84
72 64
23 40
128 39
25 149
170 179
82 49
104 32
7 111
171 18
24 19
194 178
X
130 45
191 21
16 69
13 27
169 183
5 173
26 181
181 70
110 179
3 25
68 46
94 22
90 177
30 63
102 131
103 125
27 119
147 38
168 60
55 173
179 81
170 18
184 155
10 14
30 170
147 20
141 41
49 187
177 32
103 127
153 93
170 48
16 92
6 153
84 104
127 120
75 150
195 2
142 39
53 35
193 113
89 193
129 163
108 127
7 174
109 190
53 30
103 123
171 145
71 36
X
187 157
75 180
117 42
89 112
70 16
110 73
196 32
12 142
158 21
110 163
172 176
117 12
38 65
91 111
111 31
57 109
66 49
54 109
42 113
116 80
134 190
3 183
105 47
48 7
179 53
55 182
56 170
112 189
195 145
X
134 70
164 171
X
57 85
180 77
38 183
187 160
77 45
157 53
154 134
97 19
118 86
137 140
148 160
120 193
140 184
155 38
88 70
158 30
191 77
76 92
178 117
28 174
68 116
X
51 35
72 67
5 101
64 145
137 77
177 154
47 10
193 126
78 51
86 164
111 118
121 145
135 138
187 141
180 36
110 13
157 136
149 67
61 144
62 127
127 45
64 49
34 124
64 45
174 154
97 98
128 84
31 106
94 132
32 192
137 99
31 54
42 62
138 156
191 50
63 15
137 102
171 72
192 142
74 147
107 71
20 17
36 50
28 139
44 94
1 163
41 40
140 181
23 16
13 46
120 145
140 83
63 129
179 109
45 2
X
113 140
137 110
25 141
115 6
33 88
41 112
114 167
75 177
15 108
35 31
129 26
68 121
95 158
184 38
169 141
186 154
96 12
110 139
75 162
178 72
X
52 55
13 12
174 162
36 148
X
141 194
31 95
122 132
81 142
110 112
X
101 192
184 137
93 194
179 69
171 119
74 150
58 62
89 147
70 162
112 34
50 47
26 45
165 197
64 74
97 30
124 91
26 169
168 33
142 183
X
156 10
160 21
19 167
8 52
177 78
77 189
111 130
128 50
39 145
51 187
52 79
28 136
161 21
166 87
164 155
158 105
X
30 28
19 60
53 139
44 116
122 110
145 32
71 60
34 186
159 106
129 159
64 192
40 172
28 141
128 180
168 87
45 82
81 77
135 176
83 74
X
11 9
180 178
43 164
53 84
71 91
180 35
92 190
25 148
41 7
192 177
64 31
180 30
118 67
110 15
19 19 
161 133
81 31
177 141
191 4
25 147
179 72
92 175
151 30
63 6
56 164
182 124
27 139
106 59
85 32
157 191
95 67
137 144
177 83
43 98
167 194
139 173
134 104
194 146
149 68
162 40
142 37
71 93
179 2
72 185
145 65
12 80
97 79
15 193
176 158
25 134
38 63
105 160
106 19
138 164
103 151
X
193 88
120 163
56 86
99 109
177 143
3 173
56 24
175 7
54 18
189 142
91 107
X
192 11
29 76
104 107
X
99 8
77 174
50 78
33 17
177 108
93 109
75 34
3 186
88 120
12 152
97 113
53 192
52 153
85 99
69 115
140 15
124 130
56 7
10 11
179 16
33 53
107 120
8 102
78 80
127 91
49 88
17 52
131 110
125 121
X
19 125
29 47
56 106
87 197
133 192
75 139
133 146
68 20
195 3
192 39
113 101
112 32
52 88
X
143 191
100 173
129 4
181 194
12 69
6 171
121 80
158 32
156 142
182 181
112 133
160 93
93 64
170 72
89 155
156 153
44 46
75 163
49 6
133 110
95 62
191 89
76 109
32 87
8 16
166 159
156 177
X
124 100
159 130
21 36
12 175
34 104
3 91
4 43
14 72
28 49
197 181
100 18
112 31
42 7
169 142
179 80
22 17
147 95
139 102
82 50
125 86
151 39
28 16
158 110
26 87
135 24
114 6
138 100
40 166
118 37
191 37
147 191
147 190
X
66 158
98 14
182 4
26 114
164 172
28 81
109 159
X
139 152
197 182
121 192
159 103
62 35
100 12
60 87
195 126
43 166
196 30
188 92
66 11
12 107
66 6
65 50
86 84
67 37
24 21
191 79
41 181
87 18
90 169
9 100
66 177
120 133
143 119
10 140
56 158
10 84
71 6
31 153
97 12
152 184
41 146
176 20
85 56
84 73
145 195
76 81
85 35
192 158
X
X
183 27
12 102
41 116
79 36
149 164
135 10
123 108
24 185
188 119
78 145
164 154
13 55
137 176
77 109
119 37
163 174
58 89
69 46
127 23
176 157
89 58
7 119
161 33
77 51
12 179
11 38
57 79
27 129
6 185
24 27
175 107
162 12
174 138
181 181 
141 121
23 32
9 103
86 141
161 75
55 7
69 49
27 47
176 170
74 166
50 27
155 194
30 98
28 149
162 169
86 114
104 158
47 2
158 37
101 12
X
63 130
33 52
110 141
99 167
105 26
125 37
14 76
90 112
54 5
98 156
81 88
192 10
126 14
162 106
172 29
175 154
178 109
13 190
87 194
143 146
15 132
165 118
126 86
181 69
134 57
140 11
40 112
31 149
190 49
65 3
161 168
175 171
117 38
120 140
185 165
110 176
163 118
72 65
165 85
126 124
133 148
139 99
32 195
41 46
181 109
154 71
182 186
57 32
30 186
190 195
164 115
66 181
112 140
168 65
136 77
43 94
52 84
72 190
124 13
143 54
134 171
170 177
X
129 46
87 147
56 78
189 78
127 183
66 31
67 20
52 103
121 107
169 144
26 16
146 117
194 2
19 62
73 91
86 125
169 119
132 161
147 132
133 163
126 31
X
55 36
35 185
136 76
122 158
188 114
12 38
79 127
23 7
121 158
36 18
181 95
11 6
59 160
26 49
86 124
120 132
188 13
151 167
21 63
166 155
49 155
5 139
131 109
9 52
86 17
97 81
71 8
30 5
181 190
86 93
49 14
136 109
55 174
35 139
150 164
179 31
153 31
6 50
137 121
175 103
21 60
X
154 137
52 101
6 102
51 44
73 185
43 128
143 52
195 59
120 9
14 118
90 103
127 113
188 152
74 134
43 40
176 132
34 77
18 152
97 97 
63 155
144 29
44 182
34 19
40 116
124 60
X
132 103
45 107
28 169
141 146
172 41
166 173
112 187
X
29 109
58 138
100 147
106 47
59 89
65 172
77 187
72 91
94 81
173 141
53 86
50 40
123 173
X
X
86 142
149 75
158 20
105 192
55 35
10 50
157 145
191 174
130 163
19 18
126 70
42 75
107 179
70 75
137 96
21 68
50 51
4 151
61 5
159 101
138 95
X
134 132
56 32
183 180
91 43
105 64
129 183
X
140 91
28 26
81 129
87 33
39 144
159 194
160 56
170 192
28 43
96 159
77 107
62 59
104 39
73 161
17 156
191 194
155 5
105 180
60 84
54 118
180 156
4 184
171 41
53 120
70 76
X
144 194
176 194
45 133
61 127
123 74
52 176
72 189
187 142
X
133 112
36 110
7 26
70 106
118 47
13 51
159 120
56 67
63 192
168 26
159 57
193 5
189 115
152 164
121 76
165 169
86 191
140 162
166 194
80 12
173 19
169 176
31 154
51 150
123 31
52 27
11 76
13 136
112 131
116 49
63 177
31 33
82 86
101 189
74 128
141 75
20 104
4 123
19 151
165 181
193 142
84 29
128 98
173 189
133 159
113 98
129 65
195 186
179 186
5 30
27 85
40 173
14 69
126 23
14 39
189 8
34 146
49 195
159 49
156 191
165 194
44 70
160 174
118 43
173 65
61 11
129 156
191 8
8 123
71 149
6 104
98 107
155 57
55 16
16 27
63 45
X
133 114
88 68
87 120
31 147
106 60
192 82
112 98
160 63
131 54
69 7
120 13
64 8
195 116
160 9
7 165
194 113
151 90
52 18
157 120
161 32
61 175
69 75
X
8 118
108 161
128 189
138 42
159 154
176 143
X
177 58
50 171
X
53 24
96 85
170 119
91 63
29 97
38 43
75 3
66 1
162 86
117 41
110 118
133 144
96 14
55 77
177 102
187 169
110 158
48 5
126 172
26 165
88 169
188 67
37 89
34 125
70 164
32 64
49 104
88 167
33 125
122 31
119 26
193 175
30 108
81 33
96 66
52 168
37 51
160 129
187 18
107 19
127 86
6 131
112 190
165 2
117 7
X
117 140
125 176
180 186
86 35
10 4
160 29
65 156
141 163
10 46
32 110
61 58
189 39
X
169 48
84 164
89 4
103 99
75 67
132 153
159 127
161 172
143 58
6 147
173 196
175 105
148 6
11 91
11 36
56 134
76 105
19 121
85 83
26 117
141 91
24 195
87 105
69 93
157 138
193 3
32 185
192 13
79 180
46 38
116 176
75 138
116 177
69 5
141 71
178 60
149 30
25 195
54 179
119 184
100 151
133 58
5 191
163 117
188 78
109 15
98 7
182 177
78 106
68 47
41 97
83 84
17 169
119 25
169 194
83 45
160 8
X
71 139
79 4
119 28
73 163
183 51
15 119
151 178
X
X
183 107
X
177 196
179 18
132 130
5 123
38 51
157 101
X
13 80
91 177
13 192
169 38
160 62
172 65
32 98
10 48
22 87
92 107
71 75
121 140
X
121 187
68 175
1 92
33 185
150 6
62 6
128 99
61 129
55 3
141 56
80 129
10 147
111 101
143 40
53 70
137 15
191 130
171 8
23 151
18 191
78 14
193 21
42 116
120 60
52 120
143 53
73 162
126 133
7 84
14 116
35 49
167 179
189 172
170 121
125 80
109 122
55 194
33 50
X
128 192
76 161
80 143
175 11
23 194
81 3
178 120
90 189
131 58
21 62
184 151
21 151
34 105
96 19
70 60
90 109
4 163
177 96
169 65
148 146
87 30
26 191
87 146
34 17
41 147
24 140
142 83
89 59
28 76
46 86
17 121
168 76
21 152
10 28
110 132
35 17
121 121 
148 144
83 77
134 24
41 83
172 10
61 176
35 144
52 80
86 169
83 49
142 52
190 46
13 13 
68 59
95 53
113 100
125 179
174 30
177 60
107 180
70 163
137 103
74 125
66 102
40 196
X
73 60
73 128
187 154
28 72
16 42
115 27
54 195
52 119
139 154
91 158
75 80
59 155
X
64 94
2 21
42 119
129 49
41 91
173 20
84 89
98 54
166 174
57 58
166 178
126 183
2 25
162 122
87 95
5 27
87 158
59 87
97 54
36 144
143 143 
161 96
76 150
171 19
11 80
149 66
38 127
177 194
192 130
110 190
13 76
192 182
105 39
132 192
57 21
73 151
171 76
156 176
3 93
X
157 10
159 21
42 121
191 170
36 149
97 111
114 86
51 174
84 142
125 77
17 27
132 154
157 104
159 60
53 102
128 71
151 28
76 90
7 167
154 105
98 172
170 51
44 133
130 180
X
115 179
173 138
75 157
88 104
21 156
123 106
46 84
47 123
34 123
109 147
37 49
X
27 173
18 118
80 127
74 65
162 120
170 176
143 106
X
88 54
119 48
159 36
126 37
162 194
147 188
173 146
99 99 
66 168
X
23 166
192 144
30 194
76 96
144 120
78 109
173 139
100 164
151 40
179 39
80 60
188 90
155 39
104 144
149 169
126 13
163 109
97 52
93 83
76 87
117 10
145 130
122 11
126 27
95 30
73 63
62 62 
19 165
89 7
74 185
189 178
188 22
73 139
145 40
180 90
148 58
74 131
105 188
160 54
141 57
160 57
54 32
29 7
166 60
71 135
108 32
91 108
130 70
23 165
65 48
120 143
193 144
97 167
27 170
31 52
71 103
23 18
61 94
97 83
78 119
32 26
141 16
120 149
71 102
121 40
77 98
74 99
46 68
3 176
108 34
29 33
107 77
43 158
9 166
174 158
164 168
130 159
127 84
5 117
21 84
139 71
172 6
45 156
132 132 
121 184
139 177
157 69
86 7
90 167
114 178
169 49
91 154
99 17
70 86
X
110 167
8 88
24 120
75 102
11 79
189 195
140 12
7 154
88 98
1 95
162 21
149 162
32 194
120 10
160 61
140 45
26 47
34 20
38 67
30 110
118 144
49 87
28 47
99 147
144 41
86 196
5 174
173 12
12 4
141 120
103 150
124 31
176 106
155 176
78 99
175 131
X
97 50
118 184
14 44
112 121
X
107 162
100 148
92 113
182 94
181 120
146 106
31 118
24 18
150 9
146 148
61 180
15 188
5 133
48 110
169 138
31 28
98 147
54 100
76 33
12 36
107 190
83 136
88 29
52 24
X
X
27 171
49 194
193 86
56 153
X
121 39
51 36
2 133
47 9
58 58 
130 183
12 90
140 183
58 61
107 189
180 122
19 9
86 120
179 32
105 27
52 154
126 89
135 119
72 126
62 97
147 94
153 180
33 153
6 46
137 108
70 135
84 136
134 75
121 149
92 64
117 67
80 125
57 36
137 139
169 196
124 170
69 131
81 28
134 39
191 178
79 158
70 120
2 194
122 108
190 120
59 162
60 158
45 62
132 155
143 150
23 168
51 41
144 123
23 6
186 68
16 179
169 74
158 57
8 112
76 47
124 78
53 137
155 43
X
20 124
75 174
34 110
38 128
49 7
188 118
9 104
128 36
160 36
13 142
49 168
164 160
14 89
114 84
182 183
193 176
92 196
66 36
X
X
67 114
44 180
131 38
168 31
103 106
171 120
192 118
158 135
180 92
78 81
6 184
55 32
187 20
4 40
148 181
27 123
132 109
49 89
179 48
X
190 102
157 144
104 72
113 6
182 50
19 102
34 74
147 150
63 47
170 133
179 106
157 70
67 17
131 111
33 155
98 32
29 104
148 59
188 176
47 55
73 65
153 54
24 65
95 64
148 114
X
93 67
34 145
11 151
17 8
160 107
121 152
135 121
31 53
73 125
126 130
124 145
111 187
127 85
194 118
63 95
195 179
33 56
43 50
61 179
143 67
38 194
41 49
74 93
51 40
37 74
34 103
67 138
174 53
34 194
159 78
19 101
27 51
137 11
147 92
103 68
23 67
140 89
91 157
153 49
X
44 115
47 121
120 187
53 104
64 15
135 174
35 32
145 29
89 3
191 187
40 69
112 130
178 32
83 141
13 179
174 31
91 92
57 120
44 166
39 31
74 101
6 52
176 155
124 70
105 99
105 98
148 132
29 138
31 116
2 191
138 77
7 48
41 166
2 41
32 5
105 162
189 73
118 195
65 19
10 88
171 12
175 91
17 191
X
29 120
155 10
122 145
87 157
191 192
62 163
120 123
176 95
77 119
89 176
51 135
72 146
44 98
1 23
44 75
33 66
179 154
45 123
28 146
101 193
134 72
28 50
106 38
13 102
60 62
147 184
72 127
74 57
66 76
87 189
1 24
61 128
145 54
106 75
5 190
120 70
7 25
39 196
20 5
120 126
145 17
7 73
169 28
46 70
66 176
98 50
87 167
24 40
125 75
185 138
100 150
129 48
86 109
75 134
124 87
97 100
104 37
85 71
107 84
146 76
52 44
109 84
152 18
4 130
178 81
82 72
67 177
8 60
52 40
155 142
60 85
11 13
133 115
86 113
67 35
53 33
38 38 
86 72
174 32
76 28
77 186
88 197
95 52
44 6
177 172
39 29
16 152
X
141 14
66 20
122 12
172 26
123 60
23 183
90 41
124 183
186 136
4 74
161 120
102 18
121 104
84 99
104 99
56 163
100 5
27 40
180 94
26 184
193 19
91 25
77 100
178 5
41 10
160 127
81 4
108 38
39 62
178 20
139 162
55 5
122 80
159 94
148 95
141 45
126 113
4 73
40 124
X
38 55
148 77
156 156 
X
54 24
146 121
100 149
190 166
29 103
113 26
183 152
71 128
126 182
X
X
46 119
15 24
4 153
91 24
7 14
100 92
113 8
176 16
136 11
13 74
53 18
188 12
84 81
168 53
7 123
55 76
65 182
151 93
182 5
6 174
127 171
189 76
44 82
157 8
91 22
21 24
75 106
13 181
3 141
84 27
90 197
155 196
168 46
5 121
88 110
191 19
55 120
89 173
44 137
53 175
57 35
35 147
138 105
125 76
98 193
1 179
48 154
166 103
145 18
59 4
168 181
8 74
132 110
111 190
65 31
173 18
75 161
158 36
181 177
16 72
74 86
184 195
64 51
84 103
117 80
78 46
42 70
147 52
124 46
38 175
49 5
95 25
138 75
155 195
88 56
152 19
137 89
158 49
103 97
118 163
140 16
61 188
182 3
111 132
86 194
18 119
186 155
102 100
182 106
180 54
158 123
53 138
40 165
55 150
126 8
80 54
X
191 160
21 17
98 165
21 67
86 104
13 188
176 61
75 6
101 60
125 84
8 12
X
23 61
12 85
X
142 41
43 70
109 19
83 68
190 171
132 56
144 191
15 189
150 16
173 53
99 195
31 103
34 144
55 136
167 100
109 133
2 193
178 39
X
84 21
29 163
138 103
X
175 6
119 58
65 180
51 78
146 147
8 146
12 5
107 39
109 13
X
156 13
128 85
140 164
99 24
60 3
17 133
153 170
162 36
38 193
7 85
71 131
47 3
124 69
24 183
141 74
42 77
66 106
25 12
55 41
173 143
91 2
122 86
166 134
27 45
105 181
82 46
18 178
67 34
12 15
169 47
6 14
X
X
56 182
38 29
53 43
132 129
110 161
143 36
188 36
79 138
37 87
148 102
82 4
152 16
160 20
176 141
147 189
100 191
55 114
29 108
108 36
164 57
95 51
68 177
142 145
24 191
16 188
161 189
129 89
104 179
166 101
189 79
154 135
121 124
31 51
13 45
117 24
22 147
67 16
14 133
94 191
106 32
39 192
53 32
147 57
74 162
146 132
40 170
154 176
143 45
109 110
19 8
96 83
16 91
156 5
31 56
93 82
73 190
98 52
74 28
23 68
16 48
11 40
121 162
28 40
104 173
178 101
85 141
44 181
183 109
20 121
143 43
45 39
120 15
68 102
3 194
111 34
24 83
124 98
178 155
32 49
111 140
146 53
166 102
X
X
13 135
92 52
136 16
112 132
49 189
42 181
187 65
74 67
87 72
109 123
134 20
94 129
23 15
150 116
192 12
105 159
63 176
63 31
115 51
41 196
74 60
160 121
98 113
44 43
9 4
X
25 15
173 192
176 92
43 119
138 91
180 124
14 93
87 4
141 123
169 53
83 82
169 189
138 108
125 109
163 95
141 80
119 56
136 100
126 26
146 54
142 89
144 40
147 78
17 68
32 105
10 29
123 124
25 116
175 83
28 119
137 18
133 113
43 122
105 72
191 12
32 33
145 123
134 102
194 29
9 129
144 39
72 131
50 126
15 134
134 40
45 109
179 5
136 90
39 124
115 93
122 24
43 36
61 96
167 5
119 52
124 30
63 49
88 28
55 51
90 9
24 126
147 59
25 119
131 51
43 86
90 120
34 108
12 128
167 56
154 69
80 4
146 68
53 89
61 3
19 100
65 114
42 90
155 105
13 108
41 15
70 49
7 50
197 56
27 72
14 37
168 59
139 80
30 30 
171 110
141 53
83 47
146 103
187 73
64 120
175 132
169 26
159 29
7 114
87 21
13 14
30 119
42 69
67 15
54 69
49 90
11 39
61 8
69 90
139 75
138 123
194 130
189 127
55 43
9 48
176 119
16 102
184 25
41 82
20 117
130 26
180 109
152 84
102 110
18 72
20 100
38 116
96 31
104 130
55 50
76 80
67 103
29 8
182 28
12 88
145 133
147 21
30 114
167 2
38 41
138 113
26 81
91 91 
33 26
5 24
53 40
170 53
162 10
104 28
16 115
92 124
156 60
172 61
192 37
112 37
181 54
178 26
20 34
42 112
86 110
185 88
76 93
30 64
163 77
90 4
116 86
68 106
147 39
49 110
94 25
59 2
183 101
23 66
94 130
175 12
55 44
33 27
73 132
40 43
56 4
189 18
154 88
5 73
74 5
79 120
146 64
2 91
150 18
90 102
147 8
87 10
75 132
44 2
1 21
51 48
178 132
147 90
115 80
4 25
155 15
171 6
187 19
22 100
148 130
69 44
42 94
116 70
34 31
111 36
178 3
33 32
189 10
30 90
36 53
152 93
118 53
88 72
101 64
13 68
171 31
120 125
42 89
189 82
170 40
169 41
125 9
141 54
122 122 
76 29
177 119
61 2
6 47
9 110
138 114
136 98
42 134
50 14
49 55
19 20
47 52
24 125
12 9
45 10
66 34
115 89
91 119
51 15
195 95
117 43
190 105
69 114
122 84
188 9
72 3
33 90
111 77
110 110 
9 3
104 64
120 68
74 6
163 110
118 104
14 134
169 21
100 8
188 37
62 33
111 39
68 58
123 80
193 94
181 122
100 6
191 14
26 134
86 30
84 90
149 21
44 97
196 94
192 56
99 14
169 57
13 42
78 50
180 95
171 65
95 98
63 97
190 130
78 96
42 85
119 49
174 6
103 108
159 102
28 51
70 2
57 108
184 36
172 21
118 93
142 16
158 108
161 10
13 71
22 65
13 48
154 39
65 20
137 123
191 82
176 77
51 75
178 2
43 2
169 104
69 87
85 17
93 66
165 75
134 103
190 48
76 2
147 6
102 5
47 122
60 89
125 78
127 125
175 101
16 76
91 54
8 119
134 58
113 28
24 26
15 104
118 94
32 65
80 37
33 20
135 105
170 61
114 94
160 123
66 119
141 73
83 50
152 52
152 83
29 72
194 51
49 105
4 24
50 76
123 28
67 36
65 119
17 54
195 93
174 51
125 56
98 131
128 65
34 126
194 5
96 52
5 21
162 129
179 49
145 119
67 75
177 124
124 90
76 30
33 87
141 96
71 70
100 89
26 121
181 35
40 88
158 40
147 68
25 17
7 121
57 110
156 56
98 130
196 56
67 31
166 100
31 63
76 36
8 122
65 47
156 53
69 88
49 29
104 90
173 63
56 69
191 35
22 102
145 132
129 62
69 92
53 17
22 103
98 97
33 108
40 17
144 36
188 116
91 132
132 40
16 57
159 15
138 120
27 86
188 65
108 112
140 94
149 9
66 38
78 101
127 121
180 93
166 84
121 56
74 58
46 6
196 29
75 100
93 93 
64 11
32 28
78 39
36 19
66 39
167 47
172 8
84 97
11 87
64 6
177 71
132 42
113 7
137 10
177 31
107 55
30 46
75 91
155 83
94 33
137 91
164 3
178 105
68 48
61 62
97 13
169 87
173 64
137 100
13 134
150 93
17 115
99 97
43 10
187 106
147 65
102 111
186 101
126 52
189 118
11 90
78 82
183 108
76 51
119 67
189 81
101 24
42 18
77 96
13 67
60 6
107 73
92 131
152 94
78 125
111 74
146 102
169 123
113 25
164 60
93 124
102 101
62 93
184 29
41 66
157 13
70 88
40 113
109 55
132 64
153 43
149 7
36 51
119 51
15 74
91 90
162 128
12 131
110 38
49 108
180 27
39 27
146 55
83 69
124 88
49 41
25 47
136 111
145 21
151 42
183 52
132 105
91 109
12 84
189 102
169 33
78 34
117 84
16 74
122 27
189 129
92 22
14 36
125 31
132 65
53 48
161 130
184 30
161 115
1 42
97 18
104 51
118 28
185 92
87 108
179 101
83 44
166 132
145 120
142 32
74 90
33 89
132 102
24 118
195 29
88 93
150 78
55 115
169 52
42 122
21 85
181 82
177 29
168 64
35 73
74 127
108 86
56 61
169 109
192 36
27 83
176 101
114 8
24 80
186 92
160 42
55 20
151 133
45 119
43 96
74 2
189 41
175 106
184 31
76 3
116 69
189 114
33 94
170 62
49 107
57 34
180 4
141 83
77 58
138 14
136 128
64 46
92 129
115 84
38 113
37 75
44 112
122 30
11 132
67 119
123 109
136 113
195 114
106 58
106 51
93 111
19 104
73 3
87 114
53 67
153 57
142 80
8 14
17 6
75 93
30 76
167 104
149 95
81 127
55 48
106 122
176 78
38 54
23 62
15 67
188 77
183 122
76 38
42 46
6 117
184 39
63 127
23 28
169 56
50 90
66 46
118 49
128 1
44 122
81 57
177 30
38 52
182 96
110 88
194 126
161 74
192 8
182 95
162 8
32 18
155 41
89 51
33 28
117 37
124 24
118 82
21 65
75 96
68 40
12 87
118 106
41 3
7 86
93 81
93 63
147 18
100 108
71 7
161 40
70 119
116 24
31 126
115 25
158 133
5 104
12 93
42 76
106 68
53 55
162 13
136 110
127 37
97 85
22 21
24 128
160 128
188 115
190 52
100 130
84 87
145 117
21 21 
92 25
74 92
156 54
167 102
127 14
99 112
69 20
76 50
17 42
103 101
30 89
122 113
21 61
94 131
27 16
20 115
23 87
190 126
153 88
132 58
129 28
72 86
75 88
71 5
8 61
174 33
15 80
173 51
103 134
88 71
88 52
30 31
177 92
137 105
148 118
2 43
118 89
120 12
62 34
156 3
31 121
142 96
129 52
17 24
46 10
126 98
138 43
97 17
143 56
146 134
86 112
84 77
138 21
76 122
14 51
14 46
154 50
27 121
52 104
61 7
90 40
43 9
193 95
40 44
196 31
158 109
160 96
121 57
190 8
168 100
66 8
125 8
170 46
36 108
15 102
101 8
188 38
150 114
33 97
55 14
78 12
166 82
190 76
154 68
44 48
167 132
32 66
162 20
65 51
107 122
46 63
170 132
104 60
98 133
44 114
197 60
146 75
92 68
102 64
101 25
11 12
52 118
176 60
65 105
85 72
17 79
14 132
42 91
146 59
40 91
103 130
144 68
61 97
38 125
69 91
12 106
104 88
156 50
80 1
127 47
19 17
98 89
76 82
98 69
42 88
167 59
91 93
11 14
190 22
17 48
171 108
97 99
141 94
41 8
65 116
50 124
6 21
123 84
177 97
28 126
68 131
160 124
31 104
110 16
27 135
110 113
190 117
1 94
42 16
17 45
30 72
25 87
102 109
75 27
78 32
34 75
134 18
61 6
156 52
74 88
178 118
77 60
38 64
181 48
171 121
145 31
25 81
30 65
178 119
159 77
149 91
31 117
134 41
80 34
164 87
182 26
13 69
5 61
101 134
6 15
160 105
87 17
136 9
146 58
155 40
147 23
68 118
84 18
118 108
17 25
46 110
181 39
97 14
93 110
57 23
181 81
102 133
57 134
59 8
71 105
32 20
65 18
52 113
26 115
128 62
138 90
31 98
107 118
88 1
41 124
105 59
109 134
10 49
87 112
170 88
79 33
138 24
41 85
71 76
1 41
70 131
51 17
55 103
31 31 
64 97
182 54
49 48
189 37
190 103
185 90
95 50
80 15
151 38
9 14
42 2
127 31
41 87
161 36
133 54
8 117
179 117
135 110
170 38
193 56
75 120
127 12
35 33
125 45
105 123
191 5
158 128
136 126
21 25
179 95
157 63
25 16
38 70
137 24
40 19
194 81
26 129
29 95
95 12
136 121
126 67
126 30
193 52
162 18
99 27
76 7
159 75
45 3
106 16
127 110
166 133
106 72
182 117
30 8
68 75
98 132
28 53
184 35
71 86
178 36
186 77
165 78
170 108
191 127
86 123
132 101
60 130
127 1
81 87
98 6
96 62
119 60
147 106
179 124
77 36
16 133
54 104
187 100
54 7
85 97
107 127
127 112
61 12
54 127
192 88
20 125
141 42
156 1
52 100
41 128
24 24 
101 88
166 86
8 11
79 14
184 26
79 34
77 102
41 28
132 54
158 1
109 17
119 59
17 46
190 100
158 106
174 78
167 48
15 93
116 6
177 16
108 35
57 75
55 102
183 54
162 110
108 13
73 131
123 59
156 70
144 52
131 56
92 42
162 9
180 101
24 16
65 17
91 123
12 40
36 52
5 102
71 125
13 79
109 39
41 94
24 135
121 60
187 77
12 6
78 128
93 68
34 127
74 102
97 109
2 95
20 60
110 56
128 70
162 14
88 96
44 69
105 28
40 75
45 70
131 113
154 41
93 133
33 33 
30 116
25 50
81 73
16 118
152 89
89 32
62 32
153 133
168 73
114 82
149 114
63 46
42 98
109 101
55 49
172 48
110 19
19 21
110 86
13 104
177 69
117 82
133 100
139 77
114 81
148 76
136 130
80 38
110 134
119 53
75 107
175 96
178 38
115 28
13 9
152 85
33 110
102 130
82 1
18 9
49 9
65 15
141 58
104 34
115 82
76 119
9 5
121 37
147 119
43 116
100 17
21 66
115 50
28 78
6 100
50 86
4 92
20 123
88 111
31 89
117 86
76 6
88 95
6 16
116 95
139 73
31 114
70 47
88 51
30 88
169 61
86 32
8 121
98 12
178 130
179 52
4 122
191 3
88 124
171 73
5 99
117 28
26 116
67 106
146 57
41 9
92 123
136 15
118 107
33 8
30 45
180 69
96 18
177 134
175 10
86 99
95 22
155 37
122 107
134 55
93 120
65 34
93 43
5 77
55 118
98 17
138 23
179 78
59 127
143 94
169 91
78 97
132 62
53 75
64 16
174 12
117 47
106 71
57 20
43 125
190 82
176 104
72 128
181 119
161 82
145 23
13 106
182 36
12 86
178 134
169 31
101 13
87 123
169 72
99 92
163 86
62 11
53 28
22 24
110 87
156 101
88 30
97 67
54 124
96 65
29 117
168 104
105 100
82 77
171 74
52 116
42 115
29 134
177 101
53 20
5 28
104 127
86 19
169 108
43 123
125 13
193 57
55 116
44 63
128 64
94 83
124 76
105 24
93 40
179 20
54 120
141 77
